13  34   0   0   0   0   0   0   0   0   0   0   2   0   0   0   0   3   0   0   2   0   0   0   0  11   0   0   1  18  22   0   5 
14  10   0  33   0   1   0   0   5  12   0   1   1  28   0   1   0   0   0  11   0   0   0   0   0   0   0   0   0   0   1   1   1 
15   0   0  10   0  45   0   0   0   0   0   0   0   1   0   0   0   0   0   1   0   0   0   0   0   8   0   0   0   0  13   8   1 
 0   0  49   0   1   0   0   3   3   8   0   0   3   0   0   0   0   1   0   0   0  11   0   0   0   0   0   0   0  16   0   0   1 
 1   0   1   0  14   3   0   0   0   0   0   0   0   0   0   0   1   0  10   0   3   0  25   1   0   0   0   0  41   0   0   0   0 
 2   0   1   0   0   1   0   0   2   0   0   4   0   0   0   0   0   6  24   0   0   0   0   0   1   0   0   0   2  10  25  20   0 
 3   0   0   0   0   0   0   6  10   0   0   0  26   0   0  45   1   0   1   0   0   0   0   1   2   0   0   0   0   0   0   0   0 
 4   0   6   0   7   0   0   0   0   0   0   0   0   0   3   2  17  43   0  20   1   0   0   0   0   0   0   0   0   0   0   0   0 
 5   0   0   0   0   0   0  12   0   0   0   0   8   0  30   0   0   2   0   0   2  40   0   3   0   0   1   0   4   0   0   0   1 
 6   2   0   1   0   0  16   0   0   0   7  33   0   0   0   1   0   0   0   0   0   0   0  49   1   0   1   1   0   0   0   0   2 
 7   0   1   0   1   0   0   0   0   5   0   0   0   1   0   0  12   1   0   2  32   0   0   1   8   0  28   1  13   0   0   0   0 
 8   9   0   0   0   0   0   0   0   0   0   0   0   0   0   0   0   3   0   0   0   0   7   0   6  24   0  45   2   0   0   0   0 
 9   0   0  13   0   0   0   0   0  12   0   0   0   0   2   4  37   0   0   0  24   0   1   0   0   2   7   0   0   0   1   0   0 
10   6   1   0  32   0   0   0   0   0   0   0   0  10   0   0   1   1   0   0   0   1   1   2   8   0   0   0   3  12   0  21   0 
11   0   0   4   0   0   0   0  19   4  35   0   0  10   0   0   0   0  26   0   0   0   1   0   0   0   2   0   0   0   0   0   0 
12   0   0   0   0   0   0   0   0   0   0   4   0   0   0   0   2   1   0  22   0   0  11   2   0   0  16   0   0   0   0   5  42 
 14         420          40        1472
 1         448          40        1584
  8         556          40        2016
 2         572          40        1056
 3         884          40        3328
 4        1216          40        4656
 6        1288          40        4944
 13        1332          40        2048
 0        1412          40        2752
 5        1492          72        2944
 1        1180          40        4512
  9        1632          40        6320
  8        1164          40        4448
  8         184          40         528
 12        1920          40        7472
 10        1968          40        7664
 5         504          40        1808
 13         732          40        2720
 15        2088          72        3536
 2        1640          44        2880
 14        1848          40        7184
 11        2364          72        8096
 13         412          40        1440
 7        2708          40        8064
 1        1164          40        4448
 3        1952          40        7600
 12         984          40        3728
  8        1220          40        4672
 4        1980          40        5152
 2        1044          40        3968
 5        1836          40        7136
 4         680          40        2512
 13        1540          40        5952
 0        2632          68        7776
  8         952          40        3600
 7        1396          40        5376
 11        2012          40        7840
 12        1532          40        5920
  9        3112          80        3504
 5         920          40        3472
 3        1956          40        7616
 10        2940          88        5472
 4        1188          40        4544
 15        3000         104        2832
  8        1160          40        4432
 1        2752          64        6352
  9         812          40        3040
 4         548          40        1984
 12        1256          40        4816
 5         988          40        3744
 4         192          40         560
 6        4692          40        6400
 13        1992          40        7760
 7        1964          40        7648
 5         384          40        1328
 1         600          40        2192
 13         356          40        1216
 3        1592          40        6160
 2        3212          40        7904
 0        2468          52        4880
  8        1296          40        4976
 6         556          40        2016
 3         396          40        1376
 5         808          40        3024
 4        1260          40        4832
  9        1508          40        5824
 0         588          40        2144
 12        1524          56        1984
 10        2372          40        4032
 7        1368          40        4624
 1        1348          40        5184
 3         744          40        2768
 11        3184          56        4912
 14        5492         116        7632
  9         704          68        1856
 2        1488          64        2832
 3         436          40        1536
 0         884          40        3328
 6        1484          40        4960
 15        2944          84        6144
 10        1044          40        3968
  8        1892          40        7360
 11         948          72        2688
 5        1676          40        6496
 12        1504          40        5808
 10         416          40        1456
 6         752          40        2800
 2         832          48        1552
 3         896          40        3376
  9        1188          40        4544
 1        1648          40        6384
 15        1116          40        4256
 6         488          40        1744
 10         624          40        2288
 0        1468          40        5664
 13        3112          40        7632
 15         436          40        1536
 1         476          40        1696
 4        2604          40        4704
 11        1364          40        5248
 1         476          40        1696
 15         532          40        1920
 10         856          40        2192
 6         988          40        3744
  8        2056          40        8016
 12        1896          40        7376
  9        1720          40        6672
 2        1916          40        7456
 14        2980         112        4512
 7        3476          84        5840
  9         452          40        1600
 0        1696          40        6576
 11        1316          40        4288
 2         512          40        1840
 5        2716          40        5792
 13        1916          40        7072
 12         832          40        3120
 1        1384          40        5328
 3        2744          48        5872
 7         840          40        3152
 6        1676          40        6496
 4        2292          56        7872
 5         712          40        2640
  9        1004          40        3808
 15        2028          40        7904
 10        1960          40        7632
 3         792          40        2960
 5         388          40        1344
  8        2000          40        7792
  9         352          40        1200
 7         780          40        2912
 10         464          68         768
 2        1676          40        5600
 1        1500          40        5792
 3         604          40        2208
 13        1628          40        6304
 12        1668          40        6464
 6        1204          40        4608
  8         656          40        2416
 7         680          40        2512
  9        1008          40        3824
 0        2564          64        6240
  8         620          40        2272
 2         944          40        3568
  9         440          40        1552
 5        1576          40        6096
 15        1872          40        7280
 10        1428          52        1872
 6        1088          40        4144
 3        1340          40        5152
 12        1224          40        4688
  9         648          40        2384
 1        1644          40        4960
 2         796          76        1424
 13        1620          40        6272
 4        2708          84        7120
 14        3980          68        6896
 0        1020          40        3872
 5         776          40        2896
 7        1700          40        6592
 11        3944          68        7648
 1         524          40        1888
 14         424          84         672
 3         816          40        3056
 0         584          40        2128
 15        1412          40        2112
 7         632          40        2320
 3         436          40        1536
 6        1612          40        6240
 1         932          40        3520
 10        2160          48        3536
 5        1540          40        5952
 3         760          40        2832
 2        1864          40        7248
 4        2016          40        7088
 6        1004          40        3808
 11        1780          40        6912
 12        2784          68        6464
  8        3376          40        7280
 0        2020          40        6720
 10        1188          40        4544
 7        1908          40        4736
 13        3144          40        6992
 14        2856          80        5168
 5        1716          40        6656
 3        1904          40        7408
 7         816          40        3056
 12        1156          40        4416
 4        1624          80        4976
  9        3780          80        6304
 2        1880          40        7312
 1        2372          52        6544
 0        1124          40        4288
 6        1656          40        6416
 15        3116          96        5248
 6         224          40         688
 0         452          40        1600
 6         328          40        1104
 3         868          40        3264
  8        2012          40        7840
  9         852          40        3200
 5        1320          40        5072
 2         980          48        1888
 7        1180          40        4512
 11        2540          40        8032
 12        1224          40        4688
 1        1080          40        4112
 15        1032          40        3920
 10        2548          44        3440
 2         628          40        2304
 7         556          40        2016
 15         560          88         944
 3        1060          40        4032
  9         968          40        3664
 0        1284          40        4928
 12         896          92        1632
 4        2112          40        6576
  8        1284          40        4928
 0         420          40        1472
 5        1456          40        5616
  8         584          40        2128
 14        3040          72        4656
 6        2072          40        8080
 5         312          40        1040
 11        1688          40        6544
 7        1152          40        2608
 1        1748          40        3584
  8         340          40        1152
 12        1240          40        4752
 10        1800          40        6992
  9        1596          88        3040
 0        1360          40        5232
 3        1856          40        7216
 13        4384          64        7888
 1         940          40        3552
 13         208          40         624
 10         656          40        2416
 15        2416          72        7152
 11        1600          40        6192
 0         904          48        1712
 12        1324          40        5088
 5        1968          40        5872
 1         928          40        3504
 15         592          40        2160
  9        1392          92        2592
 12         348          40        1184
 1         196          40         576
 7        2352          40        5360
  8        2224          48        7120
 2        3656          40        8144
 1         304          40        1008
 5         616          76        1088
 10        1440          40        5552
 0         992          40        3760
 15         776          40        2896
 3        1924          40        6336
 5         492          96         768
 4        3860          84        7888
 2         856          40        3216
 14        3536          40        7152
 6        3516          64        6976
 11        1932          40        7520
 1        1296          40        4976
 3         996          40        3776
 4         792          52        1504
 12        1816          40        3856
  9        2180          40        7104
 13        3068          40        7968
  8        1892          40        7360
 6         912          40        3440
 15        1636          40        6336
 7        2244          68        5584
 3         820          40        3072
  9         436          68         784
 1         900          40        3392
 15         284          40         928
 11        1224          40        4688
 2        1436          40        5536
 0        2188          48        3264
 12         972          40        3680
 14        1532          72        3488
  8         744          40        2768
  9         512          40        1840
 14         220          40         672
 5        2300          40        7456
 2         648          40        2384
 15         780          40        2912
 0         640          40        2352
  9         584          40        2128
 0         292          40         960
 4        1936          40        7536
 3        1260          40        4832
 6        1596          40        6176
 12        1048          40        3984
 13        1836          40        7136
 10        3544          88        6992
  8        1344          40        4784
 7        1808          40        7024
 5        1116          40        4256
 2        1072          60        2464
 1        2064          40        4208
 12         928          40        3504
 1         524          40        1888
  8         872          40        3280
 0        1524          40        5888
 15        2084          68        4048
 3        1700          40        6592
 2        1100          40        4192
 0         392          40        1360
 11        3048          80        7984
 6        1924          40        7488
 13        1824          92        5856
 5        1568          40        6064
 14        2988          40        7648
 12        1320          40        5072
 4        2472          40        3664
 3         896          40        3376
 5         512          40        1840
 4         276          40         896
 1        1412          40        5440
  9        3028          40        4864
 3         416          40        1456
 11        1172          40        4480
 10        2724          40        8000
  9         276          40         896
 0        1364          40        5248
 1         472          40        1680
 4         712          40        2256
  8        2072          40        8080
 15        1868          76        6480
 14        1268          40        4864
 6        1552          40        6000
  9         540          92        1360
 12        1372          40        5280
 1         680          40        2512
 10         956          40        2080
 13        2116          40        7104
 0        1016          60        2240
 2        2548          40        7296
 11        1240          40        4752
 3        1360          40        5232
 6         800          40        2992
 12         720          40        2288
 5        1816          40        7056
 1         540          56         736
 10         496          40        1776
 14        1296          40        4976
 7        4348          96        8000
 4        1464          68        2464
  9        1704          40        6608
 2        1160          52        2208
 7         644          40        2368
  8        2064          40        8048
 0        1400          40        2832
 10        1168          40        4464
 13        1600          68        5696
 15        2264          76        5248
 0         416          40        1456
 4        1276          40        4896
 11        1864          68        4576
 12        1768          40        6864
 6        1924          40        7488
 14        1660          40        6432
  9        1244          40        4768
 15         988          40        3744
 13        1132          40        4320
 6         684          92        1168
  9         368          40        1264
  8        1492          40        5760
 3        2708          40        5504
 10        1392          72        2672
 7        1596          40        5920
 2        1704          40        5200
 1        2812          44        8080
  8         536          40        1936
 14        1120          40        4272
 4        1556          48        3168
 6         768          80        2576
 5        3380          68        8080
 3         868          40        3264
  8         436          40        1536
 5         184          40         528
 0        2060          40        8032
 11        1976          40        7696
 7        1120          60        2144
 5         280          40         912
 1        1036          40        3936
 0         272          48         848
 3         692          40        2560
  9        1636          40        4160
 15        1864          40        4304
  9         256          40         816
 10        1832          88        6672
 11         940          40        3552
 12        2968          96        5808
  8        1264          40        4848
 1        1000          40        3792
 4        1644          60        3216
 6        1728          40        6704
 5        1196          40        4576
 7        1284          44        2096
 10         592          40        1904
 2        2424          52        6496
 13        2720          80        7056
 14        2060          40        8032
 5         428          40        1504
 10         460          40        1120
 0        1604          40        6208
 3        1364          40        5248
 1         728          52        2400
  9        1192          52        2720
  8         964          40        3648
 3         320          40        1072
 15        1936          40        7536
  9         700          40        2592
 13        1216          96        3920
 11        1796          40        6976
 4        1608          40        6224
 14        1348          40        5184
 10        1060          76        3888
 13         224          40         688
  8        1108          40        4224
 12        2144          72        7984
 6        2036          40        7936
 3        1348          40        5184
 10         692          80        1248
 4         808          40        3024
 7        2284          40        5600
 13         796          40        2976
 5        1956          40        7616
 2        2516          40        7040
 1        2020          60        4464
 12         780          40        2912
 11        1312          40        5040
 0        2264          40        7568
  8        1264          40        3568
 0         488          40        1744
 15        2320          92        6048
 4        1172          64        2208
 7        1184          40        4528
 1         900          40        3392
 2         944          40        3568
 12        1060          40        4032
  9        2400          40        7088
 10        1512          40        5840
 3        1792          40        6960
 3         240          40         752
  9         528          40        1904
 0         980          40        3712
 7         780          40        2912
 5        1900          40        7392
 11        1660          40        6432
 6        2428          48        4736
 1        1020          40        3872
 15        1136          40        4336
 12         888          40        3344
 10         844          40        3168
 11         232          40         720
 3         504          40        1808
 13        2448          72        8176
 14        3372          52        7856
 11         408          72         656
  8        1944          40        4496
 4        1848          56        4048
 15         836          40        3136
  8         436          40        1536
 13         828          40        3104
 2        2140          40        7584
 14         772          40        2880
 11         776          40        2896
 6        1384          40        5328
 5        1664          40        6448
 6         200          40         592
 15         648          40        2384
 1        1704          40        6608
 3        1732          40        6720
 10        2184          56        5136
 0        2620          40        7328
 14        1248         100        1600
 4        1672          88        3344
 2        1364          40        5248
  9        2804          40        3584
 4         272          40         880
 1        1052          64        1984
 10         504          40        1808
 4         200          40         592
 0         656          40        1392
 5        1580          40        6112
 6        1560          40        6032
 12        3032          80        3568
 3        1304          40        5008
  9         736          40        2736
 13        2120          96        4976
 4         492          40        1760
 15        1952          40        7600
  9         232          40         720
 5         460          40        1632
 13         536          40        1936
 12         844          40        3168
 2        1508          40        5824
 7        4368          56        6192
  8        3228          40        7840
 13         504          40        1808
 2         360          40        1232
 1        1716          68        3856
 6        1400          40        5392
 15        1016          40        3856
 14        2076          68        4528
  8         436          40        1536
 4        1308          40        5024
 0        1796          40        6976
 10        2092          40        8160
 3        1912          48        4976
 5        1936          40        7536
 15        1140          40        4352
 12        1704          40        6608
 10         952          40        3600
  9        2528          40        7600
 3         888          40        3344
 11        4864         104        7984
  8        1540          40        5952
 13        1964          40        4448
 14        1776          40        6896
 11         224          40         688
 6        1892          40        7360
 12         848          40        3184
  8         348          40        1184
 13         316          40        1056
 5        1336          40        5136
 10        1008          84        1600
 6         584          40        2128
 0        2164          64        6048
 15        1408          40        5424
 1        2696          68        4832
 2        2824          40        5200
 3        1300          44        2544
 10         688          40        2544
 7        3452          40        7584
 4        2948          44        6320
 12        1272          84        2400
 14        1544          40        4560
 3         596          56        1088
 7         536          44        1664
 0        1268          40        4864
 10         736          40        2736
 2        1148          52        3440
 4         668          40        2464
 13        1880          40        7312
  8        2080          40        8112
 2         328          68         608
 6        1724          40        5280
  9        2764          40        7136
 7         692          40        2560
 5        2088          40        8144
 15        1824          72        5552
 12        1172          40        4480
 0         716          40        2656
 1        1868          40        7264
 11        2768          68        8064
 3        1340          56        3680
 6         604          40        2208
 15         636          40        2336
 4        1284          40        4928
 14        1936          40        7536
 3         560          40        2032
 7        1268          40        2688
 10        1816          40        6288
 13        1788          40        6944
 10         196          40         576
 2        1596          40        6176
 10         276          40         896
 15        1068          40        4064
  8        2072          40        8080
  9        1936          40        6384
 1        1696          40        6576
 13         600          40        2192
 3        1032          40        3920
 11        2036          40        7936
 6        1896          40        7376
 14        1488          40        5744
 2        1160          40        4432
 7        1440          52        4352
 5        2688          40        5424
  8         876          40        3296
 4        2016          60        7008
 0        2720          40        5424
 3        1016          40        3856
 15        1328          40        5104
 12        2992          80        7120
 1        1220          40        4672
 5         752          72        2544
 6        1132          40        4320
 2         896          40        3376
  8         936          40        3536
 14        1328          40        5104
  9        1896          56        5008
  8         252          40         800
 13        1892          88        3584
 12        1020          40        3616
 4        1400          40        5392
 0        1460          40        5632
 15        1380          40        2752
 10        2756          40        7104
  8         696          40        2576
 7        1992          68        3680
  9        1208          84        2272
 5        1696          40        3376
 14        1500          40        5792
 7         580          40        2112
 12        1404          40        5408
 4        1360          40        5232
 1        2572          40        7520
 10        1432          40        5520
 14         812         108         976
 4         492          40        1760
 3        3120          40        7792
 13        2296          80        7280
  8        1632          40        6320
 6        2780          84        7536
  9        1288          92        2560
 11        4008          60        7680
 5        1304          40        5008
 14         448          40        1584
 15        2108          88        4064
 2        3068          40        7968
 12        1120          48        2960
 5         440          40        1552
 1        1220          44        1712
 3         944          40        3568
  9         892          48         896
 10        1376          40        5296
 13        1136         144        1232
 2         792          56        1488
 14         884          40        2944
 0        3176          52        7712
 7        2404          40        5312
 5         800          40        2992
 13         660          40        2432
 4        1968          40        7664
 15        1528          40        5904
 0         792          40        2960
 3        1252          40        4800
 10        1164          40        4448
  8        2400          40        6064
 6        2372          40        7744
 12        2016          40        7856
 7        1096          40        4176
  9        1764          44        3504
 11        2656          40        7216
 15        1072          40        4080
 0        1084          40        4128
 5        1744          40        6768
 1        2688          56        7152
 14        2248          84        5664
 5         224          40         688
 4        1920          40        7472
 10        1600          40        6192
 12        1400          40        5392
 15         912          40        3440
 7        1344          40        5168
 0         752          40        2800
 3        1896          40        7376
 6        1636          40        6336
  8        1728          52        3328
 12         352          40         688
 6         268          40         864
 11        1576          72        3024
 2        3232          52        6400
 5        1016          40        3856
 13        2720          40        7216
  9        1836          40        7136
 2         864          40        3248
 13         772          40        2880
 14        1908          40        7424
 1        1964          40        7648
 5         976          40        3696
 5         204          40         608
 7        1876          40        2432
 0        1888          48        6800
 15        2076          40        6816
  8        1932          40        7520
 13         808          40        3024
 13         240          40         752
 11        2052          40        5952
 0         728          40        2704
 6        2312          60        4480
 1        1348          40        5184
 10        2948         128        4448
 4        3048          40        4944
 5        1268          40        4864
 14        1628          76        4112
 2        1840          56        3632
 13         932          40        3520
 3        3384          40        7696
 2         384          40        1328
  8        1476          40        5696
 1         888          40        3344
 11        1296          40        4976
 7        1984          40        7728
 1         184          40         528
 12        3712          40        7600
  9        3364          84        7440
  8         400          40        1392
 15        2096          76        5856
 4        1460          40        5632
 13        1028          40        3904
 14        1384          40        4176
 3         928          40        3504
 5        1652          40        6400
 0        2080          40        8112
  9         704          40        2608
 12         800          40        2992
 7        1156          40        4032
 0         372          40        1280
 13         680          40        2512
 4         724          40        2688
 15        1004          40        3808
 12         336          40        1136
 6        2416          52        6976
  8        1376          40        5296
 11        1700          44        5424
  9         872          96        2672
 1        1736          40        6736
 4         620          40        2272
 5        1276          40        4896
 14        1760          40        6832
 10        3412          40        8064
 3        2012          40        7840
 13        1404          40        5408
 15        1412          40        5440
 2        2996          56        6336
 12        1444          68        2768
 4         872          40        3280
  9        1064          40        3280
 15         216          40         656
  8        1352          40        5200
 10         556          40        2016
 7        1964          40        4832
 6        1872          40        7280
 0        1992          40        7760
 13         692          40        2560
  9         540          60         976
 1        1604          40        6208
 12         640          40        1328
 2         684          40        2528
 4         712          40        2640
  8         688          40        2544
 4         208          40         624
 6         500          40        1792
 11        2024          40        7888
 5        1592          40        5264
 15         836          40        3136
 3        1136          40        4336
 12         636          40        2336
 7        1004          40        3808
 10        1172          40        4480
 6         596          40        2176
 15         560          40        2032
 14        2072          76        7168
  9        1276          40        4000
 2        1256          40        4816
 11        1028          40        3904
 1        1400          40        5392
 15         552          40        2000
 11         296          40         976
  9         404          40        1408
  8        1480          56        2832
 6        1052          40        2336
 13        2152          40        5456
  8         396          40        1376
 3        1872          40        7280
 4        2024          40        7888
 6         408          40        1424
  9         716          40        2656
 7        1628          64        5312
 2        1336          40        5136
 15        1312          40        5040
  8         704          44        1312
 7         496          40        1776
 11        1308          40        5024
 0        3312          60        6560
 15         452          40        1600
 1        1956          40        7616
 14        2380          88        7456
 13        1400          40        3984
 5        3428          80        7840
 0         616          40        2256
 2        1216          40        4656
  9        1508          40        3904
 7        1100          48        2240
 13         684          40        2528
 6        2000          40        7792
  8        1584          40        6128
 0         664          40        2448
 12        3932          40        6944
 11        1700          40        6592
 14        1312          40        5040
 1        1488          40        5744
 7         868          40        3264
 14         228          40         704
  9        1108          40        4224
 13         820          40        3072
 4        2860          92        5520
 7         336          40        1136
 15        2040          84        2400
  9         340          40        1152
 10        4548          68        7376
 13         468          40        1664
 0        1168          40        4464
 2        1852          40        3104
 11        1052          40        4000
 3        3488          40        8112
 12        1188          40        4544
 10         456          96         752
 5        2088          40        8144
 11         312          40        1040
 7         996          40        3008
 2         664          40        2448
 1        1632          40        6320
  8        2060          40        8032
  9        1296          40        4208
 6        2312          40        7376
 14        1944          40        7568
 13        1492          40        5760
 15        1696          40        6576
 5        1168          40        4464
 12        1308          88        2528
 0        1548          40        5984
  8         672          40        2480
 4        2032          40        7536
 5         240          40         752
 11        1264          40        4848
  8         212          40         640
 1         940          40        3552
 13         576          40        2096
 3        1924          40        7488
 12         676          40        2496
 7        1568          56        5232
 14         896          88        2800
 10        2080          40        8112
 2        1728          40        4656
 3         996          40        3776
 14         896          88        1648
  9        2096          40        8176
 4        1528          40        5904
 6        2080          64        7376
 15        1776          80        4688
 3         360          40        1232
 1        1680          40        6512
 15         384          40        1328
 0        2028          40        7904
 13        1652          40        3840
 5        2056          40        3408
  9         664          40        2448
 13         316          40        1056
 11        2496          40        8112
 6        1080          40        4112
 0         692          44        1136
 7        2164          40        7552
 12        2336          60        5600
  8        2836          88        4032
 15        1112          40        4240
 4        1588          64        2208
 1        1248          48        1680
 5        1160          40        4432
 7         640          52        1152
 14        1928         120        2576
 2        2620          40        4256
 3        1700          40        6592
  9        1516          96        3456
 10        3100          48        5632
 5         844          68        1648
 12        1432          40        3856
 14         976          40        3696
 11        1860          40        7232
 0        1984          40        7728
 6        2032          40        7920
 1        1532          40        5920
 4        1592          76        2560
  8        1712          40        6640
  9        1036          40        3936
 15        2036         104        3328
 5        1008          40        3824
 6         452          40        1600
 3        1604          40        6208
 13        2864          88        5168
 14         812          40        3040
  8         588          40        2144
 4         632          40        2320
  8         360          40        1232
 11        1308          40        5024
 7        2488          40        5776
 4         580          40        2112
 3         812          40        3040
 14         764          40        2464
 0        1372          40        5280
 7         312          40        1040
 1        1516          40        5856
 2        2772          48        7008
 3         664          40        2448
 15        1540          40        3136
 10        2876          84        7152
 12        2380          68        7536
 11        1004          60        3344
  9        2036          40        7936
 14         840          40        3152
 5        1796          40        6976
 6        2012          40        7200
  8        1532          40        5920
 3         696          40        2576
 5         400          40        1392
 14         708          40        2624
 0        1572          60        5616
 5         304          40        1008
 11         920          76        2688
 12        1020          40        3872
 13        2688          56        7664
 2        1604          40        6208
 4        2076          40        7328
 0         500          68        1040
 5         788          60        1456
 6        1300          40        4992
 10        1800          40        6992
 13         704          40        2608
 0         516          40        1856
 5         340          40        1152
 15        2256          40        6896
  8        1780          40        5376
 14        1504          40        5808
 13         596          40        2176
  8         280          40         912
 15         596          40        2176
 11        1940          40        7552
 3        2332          40        7456
 12        2012          40        7840
 3         176          40         496
 10        1384          40        5328
 4        1920          40        7472
 3         208          40         624
 2        2152          44        6464
 6        1848          40        7184
 15         840          40        3152
 14        1388          40        5344
  8        1308          40        5024
 1        4408          60        6208
 5        2092          76        6352
  8         364          40        1248
 13        1840          40        7152
 5         256          40         816
 11        1512          40        5840
 7        5044          40        7552
 10        1364          40        5248
 1         620          40        2272
 12        1600          40        6192
 3        1312          40        5040
  9        4680         120        7056
  8         740          40        2752
 1         508          40        1824
 14        1304          40        5008
 12         524          40        1888
 0        3328          40        7984
 15        1760          40        6832
 3         896          48        1680
 11        1244          40        2976
 1         820          40        3072
 6        2348          40        7776
  8         992          40        3760
 14         932          40        3520
 10        1492          40        5760
 13        1708          40        6624
 15         804          40        3008
 5        1980          40        7712
 14         688          44        1376
 4        3528          72        4688
 11        1216          40        4656
 3        1656          40        6416
 12        2228          76        7152
  9        2668          68        5232
 5        1064          40        4048
 3         292          40         960
 0        2252          72        3424
 6        1588          40        6144
 1        1704          40        6608
  8        1628          40        6304
 7        3136          40        7088
 2        4328          88        6288
 10        1772          40        6880
 11        1028          40        3904
 4        1244          40        4768
 6         748          40        2784
 15        2092          40        8160
 5         996          40        3776
 7         868          40        3264
 6         256          40         816
 0        1132          60        3984
 11         856          40        3216
 13        2776          60        5568
  8        1300          68        2448
 14        2288          92        4640
 15         672          40        2480
 6         476          40        1696
 13         212          40         640
 12        1644          40        6368
 4        1072          40        4080
  9        1712          40        5488
 4         224          40         560
 10        1588          40        6144
 14         496          40        1776
 1        1932          40        5600
 5        1120          88        2160
  8         692          40        2560
  9         788          96        2592
 3        2608          40        7664
 2        2440          40        7504
 6        1312          40        5040
 0        1792          40        6960
 13        1420          76        3280
 11        1692          40        6560
 7        1984          52        6528
 11         240          40         752
  8        1140          40        4352
 15        1896          40        4048
 12        1860          40        7232
  8         228          40         704
 10        1672          40        6480
 15         496          40        1776
 3        1356          40        5216
 4        2244          40        7744
 2        1592          40        6160
  8         776          80        1712
 1        2380          60        7696
 11        1172          40        4480
 6        1640          40        6352
  9        2052          64        3040
 0        1660          48        3200
 15         816          80        1104
 13        1772          40        6880
 10        1180          80        2816
 3         808          40        3024
 7        1816          40        7056
 0         412          52         624
  9         556          40        2016
 5        2996          40        7424
 3         352          40        1200
 4        1124          60        2160
 14        3540          40        7552
 1        1224          40        4688
 5         648          52        1184
 0         748          40        2784
 12        2356          40        7040
  8        1560          40        6032
 2        1648          40        6384
 3         748          40        2784
 13        1164          44        2256
 6        1468          40        5664
 3         248          40         784
 5         440          40        1552
  9        1204          40        4608
 7        1540          40        4928
 11        1976          40        7696
 10        1700         100        4432
 4        1580          40        5088
 12        1196          96        3328
 0        1268          40        2688
 5         912          80        1744
 15        2504          40        7504
  9         972          40        3680
 10        1040          40        3952
 6        1660          40        6432
 14        2132          40        4736
 4         892          60        2768
  8        1880          56        3664
  9         504          40        1808
 0         880          40        3312
 6         720          40        2672
 1        2764          40        7008
 5        1352          40        5200
 3        2332          96        3136
 12        1684          40        4608
 4        1056          48        2064
 7        2580          92        5040
 14        1344          52        5120
 11        2752          76        4000
 15        1976          40        7696
  8        1616          40        6256
 13        3432          76        7616
 3         880          40        3312
 4         648          48        1200
 2        3536          40        6256
 0        1528          40        5904
  9        1760          40        5936
 7         788          40        2944
 10        2304          44        5408
 12        1236          40        4736
 14         932          80        1696
  9         524          40        1120
 6        1736          40        6736
 13         968          40        3664
 12         452          40        1600
 0         932          40        3008
 14         736          40        2736
 5        2356          40        7936
 15        1624          40        3344
 4        1520          40        5872
 12         556          40        2016
 3        1636          40        6336
 7        1256          40        4816
 2        1692          56        3296
 1        2832          60        7328
  8        1920          68        4544
 13        1020          40        3872
 6        1284          40        4928
  9        1408          92        2656
 3         624          40        2288
 10        2140          96        5440
 14        1384          40        5328
 11        2932          76        7664
 5        1368          40        5264
 4        1316          40        5056
 1         988          40        3744
 15        1644          40        6368
 5         296          40         976
 0        2212          68        6608
 14         620          40        2016
 3        1064          40        4048
 1         524          40        1888
 12        1848          40        7184
 6        1396          40        5376
  8        1572          40        6080
 4         656          40        2416
 11         812          40        3040
 10        1080          40        4112
 5         636          40        2336
 6         356          40        1216
 12         488          40        1744
 13        1984          88        3824
 7        2384          40        5616
 11         824          40        3088
 2        2692          40        6720
 7         436          40        1536
  9        2488          80        5872
 1        1352          40        5200
 12         880          40        3312
 4        1324          40        5088
 1         176          40         496
 0        1704          40        6608
 3        1812          40        7040
 6        1380          40        5312
 5        1480          40        5712
  8        1872          40        7280
 14        2072          60        4032
 4         568          40        2064
 10        1904          40        7408
 7        1128          40        4304
 1         688          40        2544
 12         924          40        3488
 2        1296          52        2496
 15        2664          80        5936
 11        1488          40        5744
  9        1312          40        5040
 10         320          40        1072
 7         304          40        1008
 13        2080          40        5552
  8         736          40        2736
 5         916          40        3456
 12         516          40        1856
 10         384          40        1328
 13         260          40         832
 12         528          40        1904
 6        1628          40        6304
 2        1108          52        2128
 11        1028          40        3904
 13         584          40        2128
 3        1996          40        7776
 10         888          40        3344
 13         340          40        1152
 1        1656          84        3168
 14        2080          40        8112
  8        1444          40        5568
 0        2612          40        7040
 4        2380          40        7136
 15        2040          40        7952
 3         836          40        3136
 5        1828          40        6848
  9        2356          40        4608
 14         824          40        3088
 1        1032          40        3920
 3         328          40        1104
 6        1688          40        6544
 13        1296          40        4976
 12        1816          40        7056
  9         352          40        1200
  8        1140          40        4352
 11        1944          40        7568
 12         424          40        1488
 0        1440          40        5552
 1         728          40        2704
 7        3152          60        6304
  9         592          40        2160
 14        1036          76        2384
 1         400          40        1392
  8         892          40        3360
 5        1732          40        6720
 7         652          40        2400
 15        1920          40        7472
  9         580          40        2112
 6        1348          40        5184
 13        1468          40        5664
 4        2340          64        8160
 12        1348          40        5184
 3        2032          40        7920
 4         212          40         640
 11        1536          40        5936
  8         932          40        3520
  9         740          40        2752
 2        3704          40        7440
 0        1656          40        6416
 11         568          40        2064
 6        1248          40        4784
 4         720          40        2672
 0         408          40        1424
 5        1376          96        4432
 4         236          40         736
 7        1600          40        6192
 5         276          40         896
 1        2028          40        7904
 5         196          40         576
 14        2316          40        8032
  9        1228          40        4704
 6         720          40        2672
 7         476          40        1696
 13        1852          40        7200
 10        4688          80        7888
 3        1572          40        4288
 11        1176          92        2496
 4         824          40        3088
 15        2404         112        3232
 13         376          92         576
 6         464          40        1648
 10         424          40        1488
  8        1860          40        6592
 11         248          40         784
 2        2112          80        4240
 12        2352          40        8176
  8         344          40        1168
 7         904          40        3408
 6         464          40        1648
 1        1512          40        5840
 5        1556          40        6016
  8         716          40        2656
 7         712          40        2640
 10        1164          40        4448
 1         512          40        1840
 15        1416          40        2896
 6        1168          40        4464
 4        1784          68        3616
 0        2872          64        5936
 2        1272          40        4240
 13        1976          60        5056
 0         256          40         816
 11        1872          40        7280
 4         388          40        1344
 7        1036          40        3936
 15        1004          92        2960
 5        1580          40        6112
 4         476          40        1696
  9        3132          88        7136
 3        3092          64        5408
 11         884          84        1616
  8        1732          40        3520
 12        2596          88        7680
 13        1096          40        4176
 1        1856          40        7216
 11         368          96         528
 10        2116          88        4864
 7        1144          48        3568
 6        1780          40        6912
 14        4084          40        7424
 13         692          40        2560
 2        2148          40        6080
 12         948          40        3584
 15        1700          40        6592
 4        1728          40        3632
 15         272          40         880
  8        1644          40        6368
 3        1888          40        7344
 1        1592          40        6160
 6        1368          40        5264
 14        1412          40        5440
  8         392          48         688
  9        2288          92        4384
 13        1204          40        4608
 12         988          40        3232
 7        1740          40        6752
 2        1268          40        4864
 13         200          40         592
 2         436          40        1536
 15        1304          40        2960
 3        1060          40        4032
 5        3344          64        5392
 4        1740          40        5472
  8        1136          40        3056
 11        3080          40        5328
 10        3044          48        5024
  9        1456          88        2736
 0        4504          52        7392
 5         692          40        2560
 3         836          40        3136
 7        1524          40        5888
 6        1848          40        7184
 1        2080          40        4784
 12        1864          40        7248
 14        2004          68        2576
 11         720          64         912
 2        1556          40        6016
 7         628          68        1168
 4        1320          40        5072
  8        1284          40        4928
 0        1004          40        2016
 4         312          40        1040
 13        2724         100        7632
 5        1512          72        3920
 2         916          40        3456
 6        1512          40        5840
 10        1812          76        5360
 12        1360          40        5232
 15        2760          40        8016
 4         728          40         912
 11        1508          40        5824
 1        2028          40        7904
 10         656          40        2416
  8        1592          40        6160
 13        1100          40        4192
 0        1516          40        5856
  9        2764          40        5344
 13         204          40         608
 6        1108          40        4224
 5        1308          40        5024
 1         592          40        2160
 4        1060          40        4032
 2        1560          40        6032
 12        1628          40        6304
 1         500          40        1792
 10        1128          40        4304
 2         500          40        1664
 6         980          40        3712
 15        2004          40        7808
 6         236          40         736
 0        1548          40        5984
 1         660          40        2432
  9        1476          92        2032
 5        1372          40        5280
 14        3820          68        8048
 15         392          40        1360
 12        1032          40        3920
 1         476          40        1696
 5         496          40        1776
 13        2040          40        7952
 15         472          68         800
 10        1264          84        4544
 6         916          40        3456
 11        2872          64        6064
 13         356          76         560
 14         924          40        3488
 4        2236          44        2960
 0        1376          40        5296
 15         696          40        2576
 2        2064          40        7408
 13         680          40        2512
 11         836          40        3136
 14         680          40        2512
 7        5120          48        7824
 12        1724          40        6688
 5        1412          40        5440
 6        1380          40        5312
 4        1404          80        2176
 2        1092          40        4160
 5         740          40        2752
 10        2128          92        3104
 11        1288          40        4944
 14        1292          40        4960
 15        1728          40        6704
 12        1096          40        4176
 2         568          40        1296
 5         744          40        2768
  9        3516         120        7776
 13        2048          40        7984
 11         816          40        3056
 0        2456          56        3920
 14         740          84        1296
 6        1756          40        6816
 7        2248          40        8016
 1        3628          40        7136
 11         312          40        1040
 13         604          40        2208
  9        1016          84        2912
 4        2152          40        5456
 5        1160          40        4432
 13         576          40        2096
 1         908          40        3424
 6        1136          40        4336
 12        1992          40        7760
 14        1368          80        3568
 7        1228          40        4704
 11        1324          40        5088
 0        1692          40        6560
 11         388          40        1344
 14         668          40        2464
  9        1292          40        4960
 4        1432          40        5520
 10        3456          92        6752
 2        3108          48        6304
 6        1272          40        4880
 0        1036          40        3936
 5        2032          40        7920
 10         472          40        1680
 12        1700          40        6592
 7        1584          40        4336
 2         604          40        2208
 14        1200          40        4592
 11        1256          40        4816
 4        1036          40        3936
 5         588          40        2144
 13        2448          40        4592
 2         640          40        2352
  9        1744          68        4864
 11         580          40        2112
 13         404          40        1408
 10        1080          84        1632
 6        1440          40        5552
 0        1408          40        5424
 1        3040          48        6032
 6         244          40         768
 13         460          40        1632
 12        1428          40        5504
 0         308          40        1024
 10         468          40        1664
 7        1956          40        3520
 2        1232          60        1568
 1         868          40        3264
 13         812          40        3040
 6        1220          40        4672
 11        1616          40        6256
 13         320          40        1072
 1         464          40        1648
 0        1308          40        5024
 14        2560          40        6192
 2         812          40        3040
 12        1592          40        6160
 14         260          40         832
 11         736          40        2736
 7        1196          40        4576
 10        1780          40        6912
 4        2968          68        7456
 1         752          40        2800
 2         728          40        2704
 0         920          40        3472
 6        1252          40        4800
 12         792          40        2960
  9        3040          56        8048
 4         740          40        2752
 0         404          40        1408
 14        1016          40        3856
 2         840          40        3152
 0         352          40        1200
 13        1988          40        7616
 1        1344          40        5168
 11        1552          40        6000
 4         740          40        2752
 2         468          40        1280
 10        1640          40        6352
 12        1220          40        4672
 7        1884          40        5408
 6        1424          40        5488
 11         560          40        2032
 1         732          48        2304
  9        1532          40        5920
  9         308          40        1024
 0        1684          56        4032
  9         420          40        1472
 14        2168          72        6416
 2        1572          76        3632
 7        1492          40        4992
 12        1576          40        6096
 4        2064          40        8048
 10        1940          40        7552
 11        1564          40        6048
 11         220          40         672
 6        2028          40        7904
 14        1060          40        4032
 10         532          40        1920
 12        1060          40        4032
 11         912          40        3440
 10        1028          40        3904
 6        1312          40        5040
 6         256          40         816
 14        1544          40        5968
  9        3076          92        6000
 6         636          40        2336
 11        1492          40        5760
 7        2976          52        6528
 4        2912          84        5632
 7         216          40         656
 2        3668          40        8064
 6         800          40        2992
  9         992          64        1872
 12        2576          40        6512
 2         496          40        1776
 10        2424          60        5824
 4        1280          84        4096
 14        2272          40        6960
  9         924          40        3488
 6        1100          40        3424
 11        2008          40        7824
  9         548          40        1984
 7        1944          40        7568
  9         240          40         496
 12        1716          40        6656
 14         920          40        3472
  9         200          40         592
 7         728          52        1888
 2        1912          40        7440
 10        1772          76        5968
 6        1312          40        5040
 11        1400          40        5392
 2         396          40        1376
 14        1028          40        3904
 12        1304          40        5008
  9        1260          80        4160
 2         688          40        2544
 7        1188          40        4544
 2         300          40         992
 10        1332          40        5120
 14        1120          40        4272
 6        1640          40        6352
 2         360          40        1232
 11        1608          40        6224
 6         364          40        1248
 7        1200          40        2928
 12        1980          40        7712
 14        1100          40        4192
 2        1148          40        4384
 11         904          40        3408
 14         992          40        3760
 6        1788          40        6944
 10        2464          80        7824
 2        1032          40        3920
 11        1748          40        6784
 7        2460          40        5664
 14        1328          40        5104
 6        1348          40        5184
 2        1380          40        5312
 12        2612          76        6128
 7         608          40        2224
 11         788          40        2944
 10        1908          40        7424
 11         360          40        1232
 6         640          40        2352
 14        1352          40        5200
 6         644          40        2368
 11         952          40        3600
 10         988          40        3744
 12        1676          40        6496
 7        1660          40        6432
 11         360          40        1232
 7         704          40        2608
 12         824          40        3088
 6        1628          40        6304
 14        1764          40        6848
 12         664          40        2448
 6         520          40        1872
 7        1008          40        3824
 10        2092          40        8160
 12         392          40        1360
 14         724          40        2688
 7         524          40        1888
 14        1276          40        4896
 6        1724          40        6688
 14         184          40         528
 10        1800          40        6992
 7        1876          40        7296
 14         884          40        3328
 10         720          40        2672
 10         720          40        2672
 7        1416          40        5456
 14        1480          40        5712
 7         644          40        2368
 14         620          40        2272
 14        1104          40        4208
 7        1792          40        6960
 7         180          40         512
 14         836          40        3136
 7         864          40        3248
 14        1364          40        5248
 7         964          40        3648
 7        1492          40        5760
 14        1880          40        7312
 14         708          40        2624
 7        1376          40        5296
 14         708          40        2624
