 6   0   7   0   0   0   0   0   1   1   0   0   0   0   0   0   0   0   7   0   0   0   0   0   0   0   0   2   0   0   0   0   4 
 7   0   0   0   0   0   0   0   4  12   0   0   1   0   0   1   0   0   0   0   1   6   0   0   0   0   0   0   0   0   0   1   0 
 8   5   0   0   0   0   1   0   0  10   0   1   0   0   0   0   0   0   5   0   0   0   0   0   0   0   0   0   0   0   0   1   0 
 9   1   0   1   0   0   4   0   0   0   0   1   0   0   0   1   0   0   0   0   0   0   0   0   0   0  23   1   0   0   0   0   0 
10   1   0   0   0   0   0   0   0   0   1   0   0   0   0   0   0   0   0   0   4   0   0   0   0   0   0   0  12   0   1   0   0 
11   0   0   0   0   0   0   0   3   0   0   0   0   0   0   0   0   0   0   1  16   0   0   0   0   0   0   1   7   0   0   0   2 
12   0   0   0  12   0   0   0   0   0   0   0   0   0   0   0   0   0   0   7   0   0   0   0   0   0   0   1   0   1   4   0   0 
13   0   0   0   1   0   6   1   0   0   0  11   0   7   0   0   0   0   0   1   0   0   0   0   0   0   0   0   0   0   0   0   0 
14  15  44   0  32  58   0   5   0   0  68  40  78   1   0   0   0   0   0   0   1   0  16  75  88  62   0   0   8   0   0   1   5 
15   0   0   0   0   0   0   0   0   0   0   0   0   0   0   0   0   0   1   4   9   0   1   0   0   0   0   0   0   0   0   0   0 
 0   0   0   3   0   0   0   0   1  12   0   0   0   0   4   0   1   3   0   0   0   0   0   0   0   0   0   0   0   0   0   1   0 
 1   3   0   0   0   0   0   0   0   0   0   1   0   0   4   0   0   0  18   1   0   0   0   1   0   0   0   2   0   0   0   0   0 
 2   0   0   0   0   0   0   0   0   3   0   0   0   0   0   0   0   2   0  14   0   0   0   1   0   0   0   2   0   2   0   3   0 
 3   0   0   0   0   0   0   0   0   0   0   0   0   0   0   0   0   0   0   0   0   0   1   0   0   2   0   2   2   0   0   3  10 
 4   0   0   1   0   0   0   1   0   0   0   0   0   1   0   1  19   0   0   1   5   0   0   0   0   0   0   0   1   0   0   0   0 
 5  33   1  90   0   3   0  71   0   5   1  10   1  79   0  42   0  84   0   7   0  65   0   4   0  12   0  53   0  24   0  67   0 
  9         200          40         592
  8         260          40         832
 3         304          40        1008
 5         352          40        1200
 13         356          40        1216
 12         432          40        1520
  9         248          40         784
 3         208          40         624
 2         688          72         752
 4         756          40        2816
 13         400          40        1392
 3         260          40         832
 1         884          40        1664
 13         200          40         592
 10         984          40        3728
 14        1000          40        3792
  9         640          40        2352
 11        1088          40        2096
 14         180          40         512
 10         208          40         624
 1         348          52         624
 6        1272          72        2448
 12         860          40        3232
 3         592          40        2160
 5        1028          40        3904
 15        1420          72        3296
 2         748          40        2784
 13         528          40        1904
 4         756          40        2816
  8        1252          68        1488
 14         520          40        1872
 11         688          40        1264
 4         296          40         976
 0        1844          40        2432
  8         376          96         560
 12         664          40        2448
 1         916          56        2752
 15         732          40        2720
 14         492          40        1760
 5         840          40        1872
 0         468          52         592
 4         572          40        2080
 14         188          40         544
 10        1284          64        2144
 13        1048          96        2480
 4         220          40         672
 12         680          40        2512
 14         280          40         912
 13         188          40         544
 11         960          40        2608
 3        1448          52        2720
 1         792          68         800
 4         348          40        1184
 7        3012         104        4032
  9        2120          40        2896
 13         524          40        1888
 5        1064          40        4048
 6        2136          48        2416
 7         400          40        1392
 10         964          92        2928
 11         740          40        2752
  9         300          40         992
 12         916          40        1792
 14         928          80        1680
 15        1492          80        3168
 6         428          40        1504
 11         456          40        1616
 1        1020          40        3872
  8        2112          72        2992
  9         560          40        2032
 13         892          40        3360
 5         884          40        2304
 10         736          40         944
 6         360          40        1232
 12         660          52        2384
 14         688          88        1328
 2        2896          44        4064
 3        1600          44        2720
 11         556         124         528
  9         492          40        1760
 10         384          40        1328
 14         372          40        1280
 1         720          40        1904
 12         500          40        1792
 15        1080         124        1216
 13         748          40        2784
 6         692          92        1584
 5        1004          40        3808
 3         788          40        1792
 0        2992          64        3856
  9         828          40        3104
 13         528          60         928
 1         748          40        2784
 14         836          40        2112
 12         844          40        3168
 3         516          40        1856
 4        2780          52        3952
 6         840          40        3152
 11        1268          80        1632
 5         648          40        2384
 10        1268          84        3536
 1         492          40        1760
 0         620          40        2272
 4         292          40         960
 12         604          40        2208
 5         416          40        1456
 0         404          40        1408
 14         860          40        3232
 15        1620          68        3600
 6         740          40        2752
 3         772          40        2880
 5         252          40         800
 15         224          40         688
 10         744          64        1392
 7        3200          52        3840
  9        1300          40        2560
 1         952          40        3600
 13        1504          80        3216
 11        1176          72        2320
 14         588          40        1632
  8        2968          72        3728
 2        2732          92        3600
 6         720          40        1392
 5         788          40        2944
 12        1132          40        2912
  9         852          40        3200
 1         764          40        2848
 3        1172          52        3152
  8         784          40        2928
 4        1760          40        4016
 7        1208          60        4032
 2         844          64        1024
 12         756          40        2816
  8         316          40        1056
 0        1896          52        3744
 6        1036          40        2016
 7         456          40        1616
 14        1348          40        3136
  9         780          56        1440
 3         680          40        2512
 13        1456          40        4080
 12         340          40        1152
 10        1984          56        3952
 1         976          40        3696
 11        1684          80        3296
 3         312          40        1040
 14         424          40        1488
 0         492          40        1760
 7         460          40        1632
 2         904          84         928
 4        1048          72        3088
 13         524          40        1888
  8         836          40        2624
 15        2648          80        3440
 1         720          40        2160
 3         696          40        2576
  9        1028          40        3904
 6        1236          40        3328
 13         668          40        2464
 10        1060          56        3968
  8         760          40        2832
 4         840          44        1344
 0         956          60        2128
 14         976          40        3696
 2         944          40        3568
  8         316          40        1056
 6         620          88        1056
 1         788          40        1536
 7        1408          40        2608
 3        1072          40        2928
 6         340          40         640
 4         812          40        3040
 10         896          40        3376
  8         552          84         928
  9        1208          88        3024
 14         880          40        3312
 0         960          40        2608
 7         516          40        1856
 15        1780         104        3840
 11        2404          80        2080
 0         432          40        1520
  8         536          40        1936
  9         512          40        1840
 14         560          40        2032
 1        1064          64        3440
 15         272          40         880
 5        4064          76        4000
 14         228          40         704
 7         744          40        2768
 2        1684          60        1328
 0         380          40        1312
 10         984          56        1872
 12        3220          52        2896
 6        1196          72        2272
  9         588          40        2144
 1         568          40        2064
  8         696          40        2576
 3        1404          40        3104
  9         232          40         720
 13        2652         124        2768
  9         364          40        1248
 10         772          40        2880
 6         684          40        2528
 7         940          40        3552
 12         768          40        2864
 3         592          40        2160
 0        1028          68        2000
 10         384          40        1328
 14        1324          96        2432
  8         952          92        1728
 4        2244          72        4032
 1         980          40        1920
 2        1368          40        3216
 5        1472          40        3120
 3         488          40        1744
 6         624          40        2288
 5         244          40         768
 4         348          40        1184
 11        2092          92        3600
 13         924          40        3488
 15        1904          68        3200
 10         544          40        1968
  9         968          40        3664
 0         904          40        3408
 11         264          40         848
 12        1048          40        2064
  9         340          40        1152
 4         552          40        2000
 1         936          68        1120
 3         764          40        2848
 11         428          40        1504
 0         504          40        1808
 6        1104          68        1408
 13         972          40        3680
 7        1776          40        3568
 15         956          40        3616
 6         184          40         528
 12         928          40        3504
 4         796          40        2976
 11         636          60         720
 3         824          40        3088
 1         852          40        3200
 2        1752          56        3664
  9        1064          40        4048
 0         764          40        2848
 3         372          40        1280
 12         632          40        2320
 2         468          40        1664
 13         928          40        3504
 1         588          52        1072
 4         712          40        2640
 12         296          40         976
 14        2696          72        3664
  8        2664          84        3488
  9         804          40        3008
 10        2312          60        2944
 0         996          40        3776
 12         516          40        1856
 4         736          40        2736
 6        1744          40        3696
 13        1044          40        3968
 14         780          40        2912
 7        2068          56        2368
  9         784          40        2928
 12         436          40        1536
 2        1212          44        1296
 5        3240          64        3952
 4         540          40        1952
 12         304          40        1008
 7         364          40        1248
 0         948          40        1792
 6         664          56         848
 10        1164          84        1456
 11        2272          96        2640
 15        2712          88        3280
 13         768          40        2864
  9         692          40        2560
 12         484          96         736
 7         504          56         976
 13         212          40         640
 10         436          40        1536
 14        1064          40        4048
 5         944          40        3568
 0         656          40        2416
 13         260          40         832
 4         940          40        3552
 2        1140          40        2688
 11         708          64        2400
 13         216          40         656
  8        2164          88        3392
 1        2452          40        3968
  9         792          40        2960
 10         644          40        2368
 4         600          40        2192
 0         796          68        1072
 12        1020          40        2336
 15        1280          80        2320
  8         624          40        2288
 7        1128          96        1520
 14        1040          40        3952
 5        1076          44        2544
 11        1016          40        3856
 1         904          40        3408
 13        1012          40        3840
 14         428          40        1504
 15         560          40        1648
  9        1004          40        3808
 2        1368          52        3808
 5         580          40        2112
 0         932          40        3520
 1         516          40        1856
 12         948          40        3584
 15         312          40        1040
 4        1052          40        4000
 13         508          40        1824
 5         348          40        1184
 4         264          40         848
 6        2672          52        4032
 13         256          40         816
  8        1172         104        1280
 5         344          40        1168
 12         624          88        1072
 14         980          40        3712
  9        1064          40        4048
 1         800          40        2992
 13         464          40        1648
 5         208          40         624
 11        1432          44        3968
 6         660          40        2432
 2        1232          40        3568
  9         504          40        1808
 2         292          40         960
 14         628          40        2304
 6         396          40        1376
 11         624          84        1088
 1         844          40        3168
 14         456          40        1616
 4        1596          48        3840
  9         752          40        2800
 2        1012          40        3840
 11         868          40        3264
 4         580          40        2112
 1         832          40        3120
 7        3420          56        3808
 11         328          40         720
 14        1004          40        3808
  9        1000          40        3792
 0        3212          68        3440
 14         456          40        1616
 5        2520          76        2432
 11         664          40        2448
 4        1040          56        3504
  9         656          40        2416
  8        3636          84        3920
 1        1556          60        2992
 14         808          40        3024
 2        1816          40        3984
 5         812          40        3040
 0         984          88        1232
 4         708          40        2624
 11         976          40        3696
 5         400          40        1392
 14         636          40        2336
 7        2076          92        2512
  9        1068          40        4064
 1         740          40        2752
 5         272          40         880
 2         852          40        3200
 4         808          40        3024
  9         336          40        1136
 7         536          40        1936
  8        1256         128        1904
 14         900          40        3392
  8         388          40        1344
 11        1292          40        3808
 2         728          40        2704
 1        1008          40        3824
 5        1052          40        4000
 14         332          40        1120
 1         312          40        1040
 2         520          40        1872
 4        1340          44        2704
 0        2280          64        3696
 14         692          40        2560
 0         204          40         608
 4         316          40        1056
 5         876          40        3296
 11        1412          92        3952
 14         476          40        1696
 1         984          40        3728
  8        1440          84        1920
 2         896          40        3376
 7        2228          72        3456
  8         420          40        1472
 11         572          40        2080
 0        1008          44        1760
 5         940          40        2528
 14        1000          40        3792
 11         592          40        2160
 14         268          40         864
 2        1332          56        4032
 7        1180          84        4080
 5         964          40        3648
 11         476          40        1696
 7         192          40         560
 5         372          40        1280
 14         756          40        2816
 2         936          40        3536
 7         620          40        2272
 5         448          40        1584
 11         872          40        3280
 2         324          40        1088
 7         456          40        1616
 5         456          40        1616
 14         848          40        3184
 11         532          40        1920
 5         760          40        2832
 14         856          40        3216
 2        1264          40        2928
 5         316          40        1056
 2         232          40         720
 5         296          40         976
 7        1580          92        3984
 14        1048          40        3984
 5         596          40        2176
 7         928          40        3504
 14         592          40        2160
 5         852          40        3200
 7         656          40        2416
 5         440          40        1552
 5         188          40         544
 14        1056          40        4016
 5         924          40        3488
 14         848          40        3184
 14         272          40         880
 5         676          40        2496
 14         712          40        2640
 5         816          40        3056
 14         756          40        2816
 5         592          40        2160
 5         372          40        1280
 14         704          40        2608
 14         804          40        3008
 5        1012          40        3840
 14         244          40         768
 5         196          40         576
 5         176          40         496
 14         612          40        2240
 5         540          40        1952
 14         440          40        1552
 5         784          40        2928
 14         828          40        3104
 5         476          40        1696
 14         872          40        3280
 5         676          40        2496
 14         688          40        2544
 5         700          40        2592
 14         344          40        1168
 5         932          40        3520
 14         696          40        2576
 14         276          40         896
 14         252          40         800
 14         308          40        1024
 5         944          40        3568
 14         804          40        3008
 5         964          40        3648
 5         360          40        1232
 14         896          40        3376
 14         476          40        1696
 5        1060          40        4032
 5         688          40        2544
 14         964          40        3648
 5         568          40        2064
 14         836          40        3136
 5         700          40        2592
 14         420          40        1472
 5         636          40        2336
 14         864          40        3248
 5         320          40        1072
 14         816          40        3056
 5         780          40        2912
 14         304          40        1008
 14         288          40         944
 5         728          40        2704
 14         600          40        2192
 5         616          40        2256
 14         348          40        1184
 14         616          40        2256
 5         812          40        3040
 5         484          40        1728
 14         720          40        2672
 14         420          40        1472
 5         992          40        3760
 14         468          40        1664
 5         520          40        1872
 14         656          40        2416
 5         880          40        3312
 14         780          40        2912
 14         628          40        2304
 5        1036          40        3936
 14         876          40        3296
 5        1452          40        4064
 14         932          88        1792
 5         968          40        3664
 14        1020          40        3872
 5         532          40        1920
 14        1056          40        4016
 5         728          40        2704
 14         364          40        1248
 5         496          40        1776
 5         248          40         784
 14         616          40        2256
 14         188          40         544
 5         796          40        2976
 14         676          40        2496
 5         400          40        1392
 14         336          40        1136
 5         756          40        2816
 14         932          40        3520
 14         648          40        2384
 5        1060          40        4032
 5         336          40        1136
 5         412          40        1440
 14        1036          40        3936
 14         324          40        1088
 5         560          40        2032
 5         572          40        2080
 14         904          40        3408
 5         532          40        1920
 5         360          40        1232
 14         876          40        3296
 5         372          40        1280
 14         924          40        3488
 5         864          40        3248
 5         648          40        2384
 14         904          40        3408
 5         880          40        3312
 14         736          40        2736
 14         692          40        2560
 5         828          40        3104
 5         948          40        3584
 14        1036          40        3936
 14         716          40        2656
 5        1052          40        4000
 14         716          40        2656
 5         772          40        2368
 14         472          96         944
 5         240          40         752
 5         624          40        2288
 14         788          40        2944
 5         872          40        3280
 14         996          40        3776
 5         200          40         592
 5         360          40        1232
 5         508          40        1824
 14         908          40        3424
 14         404          40        1408
 5         520          40        1872
 14         624          40        2288
 5         740          40        2752
 5         380          40        1312
 5         256          40         816
 14         928          40        3504
 5         240          40         752
 14         696          40        2576
 5         572          40        2080
 5         208          40         624
 14         876          40        3296
 5         952          40        3600
 14         496          40        1776
 5         700          40        2592
 14         796          40        2976
 5         868          40        3264
 14         776          40        2896
 14         352          40        1200
 5         992          40        3760
 14         924          40        3488
 5         956          40        3616
 14        1024          40        3888
 5         556          40        2016
 14         600          40        2192
 5         760          40        2832
 5         408          40        1424
 5         304          40        1008
 14         976          40        3696
 5         324          40        1088
 5         656          40        2416
 14        1040          40        3952
 5         544          40        1968
 14         548          40        1984
 5         288          40         944
 5         216          40         656
 14         648          40        2384
 5         688          40        2544
 5         604          40        2208
 14        1048          40        3984
 5         780          40        2912
 14         760          40        2832
 5         824          40        3088
 14         948          40        3584
 5         784          40        2928
 14         664          40        2448
 5         824          40        3088
 14         904          40        3408
 5         336          40        1136
 14         800          40        2992
 5         784          40        2928
 14         416          40        1456
 5         200          40         592
 5         464          40        1648
 5         328          40        1104
 14         900          40        3392
 14         892          40        3360
 5        1048          40        3984
 14         588          40        2144
 5         692          40        2560
 14         736          40        2736
 5         788          40        2944
 14         880          40        3312
 5         864          40        3248
 5         320          40        1072
 14        1068          40        4064
 5         640          40        2352
 5         732          40        2720
 14         852          40        3200
 5         208          40         624
 14         184          40         528
 5         420          40        1472
 14         952          40        3600
 5         720          40        2672
 14         228          40         704
 5         512          40        1840
 14         716          40        2656
 14         652          40        2400
 5         980          40        3712
 14         576          40        2096
 5         764          40        2848
 5         392          40        1360
 14         944          40        3568
 5         768          40        2864
 5         180          40         512
 14         792          40        2960
 5         444          40        1568
 14         676          40        2496
 5         700          40        2592
 5         216          40         656
 14         572          40        2080
 5         376          40        1296
 14         700          40        2592
 5         620          40        2272
 14         500          40        1792
 5         724          40        2688
 14         656          40        2416
 14         284          40         928
 5         468          40        1664
 14         692          40        2560
 5         776          40        2896
 5         228          40         704
 14         920          40        3472
 5         920          40        3472
 14         752          40        2800
 5         440          40        1552
 5         748          40        2784
 14         956          40        3616
 14         188          40         544
 5         488          40        1744
 14         196          40         576
 5         404          40        1408
 5         272          40         880
 14         616          40        2256
 14         468          40        1664
 5         788          40        2944
 14         336          40        1136
 14         672          40        2480
 5         816          40        3056
 14         228          40         704
 5         500          40        1792
 14         428          40        1504
 14         484          40        1728
 5         620          40        2272
 14         304          40        1008
 5         328          40        1104
 5         364          40        1248
 14         480          40        1712
 14         524          40        1888
 5         672          40        2480
 5         484          40        1728
 14         736          40        2736
 14         684          40        2528
 5         940          40        3552
 14         372          40        1280
 5         608          40        2224
 14         488          40        1744
 5         196          40         576
 14         220          40         672
 5         184          40         528
 5         804          40        3008
 14         984          40        3728
 14         440          40        1552
 5         732          40        2720
 5         456          40        1616
 5         216          40         656
 14        1036          40        3936
 14         400          40        1392
 14         284          40         928
 5         948          40        3584
 14         220          40         672
 5         460          40        1632
 5         452          40        1600
 14        1056          40        4016
 5         672          40        2480
 14         648          40        2384
 5         476          40        1696
 14         812          40        3040
 5         720          40        2672
 5         476          40        1696
 14         856          40        3216
 14         228          40         704
 5         980          40        3712
 5         312          40        1040
 14        1012          40        3840
 5         620          40        2272
 14         772          40        2880
 5         428          40        1504
 14         404          40        1408
 5         508          40        1824
 5         268          40         864
 5         476          40        1696
 14         996          40        3776
 5         488          40        1744
 14         952          40        3600
 5         856          40        3216
 14         524          40        1888
 14         424          40        1488
 14         200          40         592
 5        1072          40        4080
 5         468          40        1664
 14        1060          40        4032
 5         656          40        2416
 14         400          40        1392
 14         424          40        1488
 5         948          40        3584
 14         908          40        3424
 5        1020          40        3872
 14         920          40        3472
 5         728          40        2704
 14        1008          40        3824
 5         676          40        2496
 5         660          40        2432
 14         712          40        2640
 5         620          40        2272
 14         584          40        2128
 5         256          40         816
 14         380          40        1312
 5        1020          40        3872
 14         976          40        3696
 5         192          40         560
 14         416          40        1456
 5         792          40        2960
 14         556          40        2016
 14         252          40         800
 5         744          40        2768
 14        1060          40        4032
 14         180          40         512
 5         832          40        3120
 14         628          40        2304
 5         864          40        3248
 5         236          40         736
 14         732          40        2720
 14         520          40        1872
 5         996          40        3776
 14         512          40        1840
 5         412          40        1440
 14         420          40        1472
 5         740          40        2752
 14        1008          40        3824
 5         668          40        2464
 5         288          40         944
 14         548          40        1984
 5        1032          40        3920
 14        1072          40        4080
 5         748          40        2784
 14         824          40        3088
 5         984          40        3728
 14         924          40        3488
 5         316          40        1056
 14         524          40        1888
 5         676          40        2496
 14         740          40        2752
 5         764          40        2848
 14         412          40        1440
 5         796          40        2976
 14         996          40        3776
 5         540          40        1952
 14         504          40        1808
 5         588          40        2144
 14         624          40        2288
 5         672          40        2480
 14         400          40        1392
 5         264          40         848
 14         720          40        2672
 5         860          40        3232
 14         476          40        1696
 14         348          40        1184
 5         488          40        1744
 14         200          40         592
 14         392          40        1360
 5         888          40        3344
 14         432          40        1520
 14         528          40        1904
 5        1016          40        3856
 14         928          40        3504
 5         636          40        2336
 14         692          40        2560
 5         704          40        2608
 5         520          40        1872
 14         968          40        3664
 5         792          40        2960
 14        1008          40        3824
 5         732          40        2720
 14         928          40        3504
 5         880          40        3312
 14         744          40        2768
 5         908          40        3424
 14         584          40        2128
 5        1052          40        4000
 14         912          40        3440
 5         536          40        1936
 14         836          40        3136
 5         664          40        2448
 14         472          40        1680
 14         280          40         912
 5         764          40        2848
 14         372          40        1280
 5         220          40         672
 14         288          40         944
 5         544          40        1968
 14        1008          40        3824
 5         800          40        2992
 5         460          40        1632
 14         664          40        2448
 5         244          40         768
 14         212          40         640
 14         308          40        1024
 14         380          40        1312
 5        1004          40        3808
 5         212          40         640
 14         644          40        2368
 5         936          40        3536
 14         752          40        2800
 5         536          40        1936
 14         572          40        2080
 5         660          40        2432
 14         668          40        2464
 5         276          40         896
 5         600          40        2192
 14         996          40        3776
 14         416          40        1456
 5         948          40        3584
 14         392          40        1360
 14         532          40        1920
 5         676          40        2496
 5         544          40        1968
 14         788          40        2944
 14         736          40        2736
 5        1000          40        3792
 14         280          40         912
 5         340          40        1152
 14        1056          40        4016
 5        1056          40        4016
 14         660          40        2432
 5         676          40        2496
 14         308          40        1024
 14         528          40        1904
 5         956          40        3616
 14         704          40        2608
 5         680          40        2512
 5         548          40        1984
 14        1052          40        4000
 14         184          40         528
 5         600          40        2192
 14         508          40        1824
 5         768          40        2864
 14        1024          40        3888
 5        1068          40        4064
 14         556          40        2016
 5         516          40        1856
 14         972          40        3680
 5         588          40        2144
 14         424          40        1488
 5         580          40        2112
 5         488          40        1744
 14         876          40        3296
 14         224          40         688
 5         904          40        3408
 14         752          40        2800
 5         948          40        3584
 14        1016          40        3856
 14         376          40        1296
 5         704          40        2608
 5         200          40         592
 5         376          40        1296
 14         628          40        2304
 14         624          40        2288
 5         644          40        2368
 14         392          40        1360
 5         508          40        1824
 14         592          40        2160
 5        1020          40        3872
 14         776          40        2896
 14         556          40        2016
 5         780          40        2912
 5         784          40        2928
 14         964          40        3648
 5         384          40        1328
 14        1000          40        3792
 5        1008          40        3824
 5         472          40        1680
 14         772          40        2880
 5         240          40         752
 14         520          40        1872
 5         500          40        1792
 14         416          40        1456
 5         916          40        3456
 14         724          40        2688
 5         740          40        2752
 5         244          40         768
 14        1012          40        3840
 5         928          40        3504
 14        1036          40        3936
 5         496          40        1776
 5         284          40         928
 14         648          40        2384
 14         328          40        1104
 5         488          40        1744
 5         256          40         816
 14         776          40        2896
 5         520          40        1872
 14         420          40        1472
 5        1004          40        3808
 14         720          40        2672
 5         312          40        1040
 14         608          40        2224
 5         784          40        2928
 14         756          40        2816
 5         440          40        1552
 5         556          40        2016
 14         740          40        2752
 14         320          40        1072
 14         256          40         816
 5         720          40        2672
 5         496          40        1776
 14         700          40        2592
 14         476          40        1696
 5        1004          40        3808
 14         640          40        2352
 5         596          40        2176
 14         716          40        2656
 5         492          40        1760
 5         532          40        1920
 14         944          40        3568
 5         640          40        2352
 14         436          40        1536
 5         424          40        1488
 5         484          40        1728
 14         888          40        3344
 5         200          40         592
 14         424          40        1488
 5         496          40        1776
 5         568          40        2064
 14        1000          40        3792
 5         240          40         752
 5         420          40        1472
 14         796          40        2976
 14         436          40        1536
 5         856          40        3216
 14         684          40        2528
 5         660          40        2432
 14         664          40        2448
 5         944          40        3568
 5         372          40        1280
 14         888          40        3344
 14         288          40         944
 5         712          40        2640
 14         296          40         976
 14         396          40        1376
 5         512          40        1840
 5         280          40         912
 5         280          40         912
 14         864          40        3248
 5         392          40        1360
 14         280          40         912
 5         548          40        1984
 14         572          40        2080
 5         372          40        1280
 5         516          40        1856
 14         728          40        2704
 14         180          40         512
 5         568          40        2064
 14         832          40        3120
 5        1016          40        3856
 14         708          40        2624
 14         476          40        1696
 5         724          40        2688
 5         196          40         576
 14         580          40        2112
 5         452          40        1600
 14         628          40        2304
 5         520          40        1872
 5         280          40         912
 14         744          40        2768
 5         456          40        1616
 14         536          40        1936
 14         340          40        1152
 5        1028          40        3904
 14         556          40        2016
 5         672          40        2480
 14         612          40        2240
 5         736          40        2736
 14         960          40        3632
 5         588          40        2144
 5         468          40        1664
 14         748          40        2784
 5         416          40        1456
 14         640          40        2352
 5         800          40        2992
 14         672          40        2480
 14         440          84         736
 14         232          40         720
 5        1260          40        4064
 5         432          40        1520
 14         804          40        3008
 14         792          40        2960
 5        1016          40        3856
 14         720          40        2672
 5         728          40        2704
 5         776          40        2896
 14        1060          40        4032
 5         564          40        2048
 14         532          40        1920
 14         540          40        1952
 5         960          40        3632
 14         500          40        1792
 5         432          40        1520
 14         432          40        1520
 14         192          40         560
 5         404          40        1408
 14         544          40        1968
 5         668          40        2464
 14         228          40         704
 14         364          40        1248
 5         532          40        1920
 5         796          40        2976
 14        1008          40        3824
 5         804          40        3008
 14         868          40        3264
 5         332          40        1120
 14        1788          40        3744
 5        1864          60        3968
 14         484          40        1728
 5         708          40        2624
 14         704          40        2608
 14         200          40         592
 14         192          40         560
 5         716          40        2656
 14         456          40        1616
 5         452          40        1600
 14         660          40        2432
 5         668          40        2464
 5         584          40        2128
 5         248          40         784
 14         968          40        3664
 14         608          40        2224
 5         972          40        3680
 5         196          40         576
 14         780          40        2912
 5         768          40        2864
 5         320          40        1072
 14         956          40        3616
 5         756          40        2816
 14         720          40        2672
 5         736          40        2736
 14         988          40        3744
 5        1008          40        3824
 14         660          40        2432
 5         280          40         912
 14         444          40        1568
 14         436          40        1536
 5         792          40        2960
 14         700          40        2592
 5         828          40        3104
 5         204          40         608
 5         304          40        1008
 14         968          40        3664
 5         812          40        3040
 14         732          40        2720
 14         892          40        3360
 5        1048          40        3984
 5         376          40        1296
 14         604          40        2208
 14         268          40         864
 14         420          40        1472
 5         940          40        3552
 14         384          40        1328
 5         812          40        3040
 14         596          40        2176
 5         416          40        1456
 5         576          40        2096
 14         956          40        3616
 14         772          40        2880
 5        1052          40        4000
 5         192          40         560
 14         856          40        3216
 5         860          40        3232
 14         568          40        2064
 5         256          40         816
 5         732          40        2720
 14         868          40        3264
 5         556          40        2016
 14         888          40        3344
 5         392          40        1360
 14         984          40        3728
 5        1016          40        3856
 14         472          40        1680
 5         772          40        2880
 5         324          40        1088
 14         888          40        3344
 14         260          40         832
 5         512          40        1840
 5         620          40        2272
 14         708          40        2624
 14         312          40        1040
 5         516          40        1856
 14         284          40         928
 14         592          40        2160
 14         264          40         848
 5         976          40        3696
 5         200          40         592
 14         260          40         832
 5         476          40        1696
 14         716          40        2656
 14         656          40        2416
 5        1024          40        3888
 14         464          40        1648
 5         784          40        2928
 14        1028          40        3904
 5         740          40        2752
 5         252          40         800
 14         392          40        1360
 5         952          40        3600
 14         980          40        3712
 5         584          40        2128
 14         840          40        3152
 5         628          40        2304
 5         424          40        1488
 14         880          40        3312
 5         488          40        1744
 14         564          40        2048
 14         576          40        2096
 5         876          40        3296
 14         680          40        2512
 5         968          40        3664
 14         588          40        2144
 14         480          40        1712
 5         940          40        3552
 14         636          40        2336
 5         428          40        1504
 5         180          40         512
 5         412          40        1440
 14         812          40        3040
 14         544          40        1968
 5         872          40        3280
 14         668          40        2464
 5         800          40        2992
 14         592          40        2160
 5         704          40        2608
 14        1012          40        3840
 5         932          40        3520
 14         316          40        1056
 14         600          40        2192
 5         912          40        3440
 5         420          40        1472
 14         800          40        2992
 5         412          40        1440
 14         468          40        1664
 5         472          40        1680
 14         440          40        1552
 14         656          40        2416
 5        1064          40        4048
 14         768          40        2864
 5         820          40        3072
 14         748          40        2784
 14         436          40        1536
 5         980          40        3712
 14         228          40         704
 5         528          40        1904
 14         796          40        2976
 5         752          40        2800
 14         792          40        2960
 5         424          40        1488
 5         192          40         560
 5         368          40        1264
 14         656          40        2416
 14         732          40        2720
 5        1044          40        3968
 14         328          40        1104
 5         368          40        1264
 14         504          40        1808
 5         424          40        1488
 14         304          40        1008
 14         780          40        2912
 5         984          40        3728
 14         872          40        3280
 5         812          40        3040
 5         252          40         800
 14         800          40        2992
 5         692          40        2560
 14         568          40        2064
 5         572          40        2080
 14         536          40        1936
 5         808          40        3024
 14         516          40        1856
 5         772          40        2880
 14         876          40        3296
 14         744          40        2768
 5        1008          40        3824
 5         452          40        1600
 14         804          40        3008
 14         484          40        1728
 5        1072          40        4080
 5         352          40        1200
 14        1004          40        3808
 5         416          40        1456
 5         292          40         960
 5         428          40        1504
 14        1032          40        3920
 5         600          40        2192
 14         800          40        2992
 5         944          40        3568
 5         324          40        1088
 14         996          40        3776
 5         268          40         864
 14         208          40         624
 14         724          40        2688
 5         980          40        3712
 14         244          40         768
 14         240          40         752
 14         356          40        1216
 14         320          40        1072
 5        1064          40        4048
 14         384          40        1328
 5         852          40        3200
 14         904          40        3408
 14         520          40        1872
 5         936          40        3536
 5         192          40         560
 14         752          40        2800
 5         704          40        2608
 14         868          40        3264
 5        1036          40        3936
 14         808          40        3024
 5         592          40        2160
 14         560          40        2032
 5         808          40        3024
 14         768          40        2864
 5         528          40        1904
 14         556          40        2016
 5         516          40        1856
 14        1028          40        3904
 5         984          40        3728
 14         920          40        3472
 5         864          40        3248
 14         648          40        2384
 5         716          40        2656
 5         192          40         560
 14         672          40        2480
 5         672          40        2480
 5         364          40        1248
 14         844          40        3168
 5         576          40        2096
 14         880          40        3312
 5        1072          40        4080
 14         800          40        2992
 14         352          40        1200
 5         716          40        2656
 5         248          40         784
 14         932          40        3520
 5         576          40        2096
 5         204          40         608
 14         552          40        2000
 14         240          40         752
 5         568          40        2064
 14         376          40        1296
 5         428          40        1504
 14         272          40         880
 14         236          40         736
 5         456          40        1616
 5         548          40        1984
 14        1004          40        3808
 5         748          40        2784
 14         720          40        2672
 5         664          40        2448
 14         524          40        1888
 5         408          40        1424
 14        1004          40        3808
 5        1072          40        4080
 5         272          40         880
 14         860          40        3232
 5         612          40        2240
 14         500          40        1792
 5         332          40        1120
 14         500          40        1792
 5         688          40        2544
 14        1040          40        3952
 5        1032          40        3920
 14         432          40        1520
 5         208          40         624
 5         476          40        1696
 14         812          40        3040
 5         640          40        2352
 14         688          40        2544
 5         508          40        1824
 14         600          40        2192
 5         856          40        3216
 14         640          40        2352
 5         648          40        2384
 14         572          40        2080
 5         204          40         608
 5         768          40        2864
 14         900          40        3392
 14         324          40        1088
 14         336          40        1136
 5         880          40        3312
 14         768          40        2864
 5         724          40        2688
 5         376          40        1296
 14         484          40        1728
 14         488          40        1744
 5         556          40        2016
 5         352          40        1200
 14         548          40        1984
 5         624          40        2288
 14         968          40        3664
 5        1060          40        4032
 5         224          40         688
 14         852          40        3200
 14         396          40        1376
 14         364          40        1248
 5        1036          40        3936
 5         436          40        1536
 14         696          40        2576
 14         340          40        1152
 5        1336          44        3328
 14        1200          92        2592
 14         220          40         672
 14         252          40         800
 5         980          40        3712
 14         436          40        1536
 14         380          40        1312
 5         676          40        2496
 14         848          40        3184
 14         204          40         608
 5        1040          40        3952
 14         248          40         784
 14         180          40         512
 5         740          40        2752
 14         820          40        3072
 5         756          40        2816
 14         824          40        3088
 5         576          40        2096
 14         196          40         576
 5         496          40        1776
 5         184          40         528
 14         988          40        3744
 14         364          40        1248
 5         876          40        3296
 14         356          40        1216
 5         260          40         832
 5         284          40         928
 14         796          40        2976
 5         844          40        3168
 14         392          40        1360
 14         548          40        1984
 5         580          40        2112
 14         548          40        1984
 5         548          40        1984
 5         572          40        2080
 14         612          40        2240
 5         328          40        1104
 14         396          40        1376
 5         832          40        3120
 14         956          40        3616
 14         480          40        1712
 5         740          40        2752
 5         880          40        3312
 14        1052          40        4000
 5         340          40        1152
 14         828          40        3104
 5         824          40        3088
 14         232          40         720
 5         560          40        2032
 14         808          40        3024
 5         768          40        2864
 14         724          40        2688
 5         264          40         848
 5         456          40        1616
 14         672          40        2480
 5         364          40        1248
 5         260          40         832
 14         568          40        2064
 5         668          40        2464
 14         756          40        2816
 14         528          40        1904
 5        1004          40        3808
 5         400          40        1392
 14         916          40        3456
 5         516          40        1856
 14         944          40        3568
 5         900          40        3392
 5         604          40        2208
 14         888          40        3344
 5         468          40        1664
 14         524          40        1888
 14         556          40        2016
 5         788          40        2944
 14         772          40        2880
 5         884          40        3328
 14         340          40        1152
 5         496          40        1776
 14         928          40        3504
 5         612          40        2240
 5         724          40        2688
 14         892          40        3360
 5         808          40        3024
 14        1052          40        4000
 5         980          40        3712
 14         712          40        2640
 5         632          40        2320
 5         224          40         688
 14         780          40        2912
 5         244          40         768
 14         484          40        1728
 5         968          40        3664
 14         780          40        2912
 14         224          40         688
 5         344          40        1168
 14         860          40        3232
 14         228          40         704
 5        1072          40        4080
 5         668          40        2464
 14         760          40        2832
 14         224          40         688
 14         640          40        2352
 5         928          40        3504
 14         492          40        1760
 5         540          40        1952
 14         884          40        3328
 5         984          40        3728
 5         324          40        1088
 5         344          40        1168
 14         852          40        3200
 5         332          40        1120
 14         628          40        2304
 5         444          40        1568
 14         320          40        1072
 5         380          40        1312
 14         276          40         896
 5         196          40         576
 14         316          40        1056
 5         552          40        2000
 5         428          40        1504
 14         928          40        3504
 5         484          40        1728
 14         984          40        3728
 14         212          40         640
 5         888          40        3344
 14         496          40        1776
 5         544          40        1968
 14         708          40        2624
 5         668          40        2464
 5         224          40         688
 14         368          40        1264
 5         312          40        1040
 14         608          40        2224
 5         432          40        1520
 14         608          40        2224
 5         752          40        2800
 14         432          40        1520
 5         700          40        2592
 5         404          40        1408
 14         900          40        3392
 5         748          40        2784
 5         268          40         864
 14        1020          40        3872
 14         944          40        3568
 5        1060          40        4032
 14         712          40        2640
 5         820          40        3072
 14         400          40        1392
 14         544          40        1968
 5        1016          40        3856
 14         652          40        2400
 5         800          40        2992
 14         728          40        2704
 5         824          40        3088
 5         444          40        1568
 14         976          40        3696
 14         564          40        2048
 5         768          40        2864
 5         400          40        1392
 14         780          40        2912
 14         440          40        1552
 5         912          40        3440
 5         460          40        1632
 14        1068          40        4064
 5         940          40        3552
 14         820          40        3072
 5         384          40        1328
 14         556          40        2016
 14         180          40         512
 14         176          40         496
 5         964          40        3648
 5         376          40        1296
 14         580          40        2112
 14         928          40        3504
 5        1068          40        4064
 14         308          40        1024
 5         340          40        1152
 14         880          40        3312
 5         864          40        3248
 5         484          40        1728
 14        1012          40        3840
 5         740          40        2752
 14         384          40        1328
 14         684          40        2528
 5         888          40        3344
 14         180          40         512
 14         544          40        1968
 5         804          40        3008
 14         472          40        1680
 5         916          40        3456
 14         872          40        3280
 14         508          40        1824
 5         816          40        3056
 14         792          40        2960
 5         924          40        3488
 14         636          40        2336
 5         412          40        1440
 5         208          40         624
 14         548          40        1984
 5         408          40        1424
 5         676          40        2496
 5         840          40        3152
 5         800          40        2992
 5         736          40        2736
 5         752          40        2800
 5         236          40         736
 5         972          40        3680
 5         552          40        2000
 5         268          40         864
 5         872          40        3280
 5         384          40        1328
 5         888          40        3344
 5         676          40        2496
 5        1040          40        3952
 5         752          40        2800
 5         436          40        1536
 5         708          40        2624
 5         596          40        2176
 5         412          40        1440
 5         384          40        1328
 5         576          40        2096
 5         752          40        2800
 5         636          40        2336
 5         928          40        3504
 5         200          40         592
 5         456          40        1616
 5         852          40        3200
 5         708          40        2624
 5        1056          40        4016
 5        1056          40        4016
 5         824          40        3088
 5         812          40        3040
 5         752          40        2800
 5         864          40        3248
 5         732          40        2720
 5         652          40        2400
 5         724          40        2688
 5         824          40        3088
 5         748          40        2784
 5         404          40        1408
 5         896          40        3376
 5         508          40        1824
 5         420          40        1472
 5         504          40        1808
 5         928          40        3504
 5         896          40        3376
 5         888          40        3344
 5         852          40        3200
 5         716          40        2656
