15   0   0   2   0  25  10   1   0   0   0   0   0   1   1   0   0   0   0   0   0   0   0   1   0   0   0   2   0   0   3   0   2 
 0   0   0   2   0   0   0   0   0  12   0   0   0   0   0   0   1   0   4   0   1  14   1   0   0   0   0   0   1   5   3   1   0 
 1   0   0   4   0   3   0   0   2   1   3   0   0   0   0   1   1   1   0   0   0   0   0   0  17   2   1   0   0   0   0   0   0 
 2   0   0  11   3   5   0   0   0   3   0   0   0   0   0   0   0   0   1   0   1   0   0   3   2   1   2   7   0  11   3   1   5 
 3   0   0   0   0   0   1   0   0   4   0   0   0   0   0  19   2   5   1   0   0  13   0   0   0   0   2   1   0   1   0   0   0 
 4   0   0   0   0   0   0   0   0   0   0   0   3   0   0   0   0   8   0  21   0   0   0   1   4   0   0   1   0   3   0   1   0 
 5   0   0   0   0   0   0   5   0   0   0   0   0   0   4   0  22   1   0   0   0   0   6   2   1   5   0   1   2   3   0   0   0 
 6   0   0   0   0   0   0   1   1   1   0  29   0   4   0   0   0   0   0   0   0   0   9   8   0   1   0   0   0   0   2   1   0 
 7   0   0   0   2   0   1   0   0   0  11   2   0   1   0   0   0  12  19   0   2   0   0   1   0   1   0   0   0   1   1   1   0 
 8   5   0   2   0   0   0   2   0   0   0   0   1   1   1   0   0   0   0   1   0   0   2   0   6  14   0  19   0   0   1   0   0 
 9   1   2   6   1   0   0   0   3   0   8   0   0   0   0   0   1   0   0   3  13   0   0   3   0   0   0   2  10   2   1   2   0 
10   0   0   1   0   0   8   0   0   0   0   0   0  17   3   0   0   0   0   0  28   1   0   0   0   0   1   0   0   1   1   0   0 
11   0   0   0   0   0   0   1   0   0   0   6   0   0   0  16   2   0   1  11   0   0   1   1   0   1   0   0   0   0   1   0   1 
12   1   0   2   0   1   5   0   0   0   0   0  25   0   0   1   0   0   0   0   0   1   2   6   2   0   0   0   2   0   0   2   0 
13   0   0   0   0   0   0   0   0   2   0   0   0   0   0   0   0   0   1  15   0   2   0   1   0   1   0   7   0   1   0   0   0 
14  47  64  23  56  15   9  55  59  36  16  14   1   0   2   4  10  25  29   5   6   7   3  29  18  32  54  20  42  37  42  43  53 
