 14        9636        9740        9647          92
 1        9636        9747        9647          99
  8        9636        9774        9647         126
 2        9636        9778        9647          66
 3        9636        9856        9647         208
 4        9636        9939        9647         291
 6        9636        9957        9647         309
 13        9636        9968        9647         128
 0        9636        9988        9647         172
 5        9636       10008        9655         184
 1        9748       10042        9759         282
  9        9636       10043        9647         395
  8        9775       10065        9786         278
  8       10066       10111       10077          33
 12        9636       10115        9647         467
 10        9636       10127        9647         479
 5       10009       10134       10020         113
 13        9969       10151        9980         170
 15        9636       10157        9655         221
 2        9779       10188        9791         180
 14        9741       10202        9752         449
 11        9636       10226        9655         506
 13       10152       10254       10163          90
 7        9636       10312        9647         504
 3        9857       10344        9868         475
 12       10116       10361       10127         233
  8       10112       10416       10123         292
 2       10189       10449       10200         248
 5       10135       10593       10146         446
 13       10255       10639       10266         372
 0        9989       10646       10007         486
  8       10417       10654       10428         225
 7       10313       10661       10324         336
 4        9940       10674        9951         322
 11       10227       10729       10238         490
 3       10345       10742       10356         385
 12       10362       10744       10373         370
  9       10044       10821       10065         219
 5       10594       10823       10605         217
 3       10743       10841       10754          86
 4       10675       10844       10686         157
 15       10158       10907       10185         177
  8       10655       10944       10666         277
 10       10128       11006       10151         342
 1       10043       11021       10055         397
  9       10822       11024       10833         190
 3       10842       11027       10853         173
 12       10745       11058       10756         301
 5       10824       11070       10835         234
 6        9958       11130        9969         400
 3       11028       11136       11039          96
 13       10640       11137       10651         485
 4       10845       11141       10856         284
 7       10662       11152       10673         478
 5       11071       11166       11082          83
 1       11022       11171       11033         137
 13       11138       11226       11149          76
 2       10450       11252       10461         494
 0       10647       11263       10661         305
  8       10945       11268       10956         311
 6       11131       11269       11142         126
 4       11142       11278       11153         124
 4       11279       11326       11290          35
 3       11137       11360       11148         211
 5       11167       11368       11178         189
  9       11025       11401       11036         364
 12       11059       11444       11079         124
 0       11264       11484       11275         208
 7       11153       11494       11164         289
 1       11172       11508       11183         324
 11       10730       11525       10745         307
 14       10203       11575       10233         477
  9       11402       11577       11420         116
 2       11253       11624       11270         177
 6       11270       11640       11281         310
 10       11007       11652       11023         252
 15       10908       11688       10919         384
  8       11269       11741       11280         460
 11       11526       11762       11545         168
 12       11445       11820       11456         363
 6       11641       11828       11652         175
 2       11625       11832       11638          97
 0       11485       11851       11496         354
 4       11327       11857       11338         302
  9       11578       11874       11589         284
 10       11653       11913       11664         248
 1       11509       11920       11520         399
 6       11829       11950       11840         109
 15       11689       11967       11700         266
 13       11227       12004       11238         477
 10       11914       12017       11925          91
 1       11921       12039       11932         106
 15       11968       12076       11979          96
 3       11361       12092       11372         367
 11       11763       12103       11774         328
 5       11369       12147       11388         406
 1       12040       12158       12051         106
 10       12018       12173       12029         143
 6       11951       12197       11962         234
 15       12077       12209       12088         120
 3       12093       12243       12104         138
  8       11742       12255       11753         501
 0       11852       12275       11863         411
 12       11821       12294       11832         461
  9       11875       12304       11886         417
 2       11833       12311       11844         466
 10       12174       12323       12185         137
  9       12305       12417       12316         100
 2       12312       12439       12323         115
 14       11576       12445       11602         282
 12       12295       12502       12306         195
 5       12148       12522       12159         362
 7       11495       12528       11514         365
 1       12159       12533       12170         362
 3       12244       12578       12255         322
 4       11858       12593       11874         294
 6       12198       12616       12209         406
 13       12005       12651       12016         442
  9       12418       12668       12429         238
 5       12523       12700       12534         165
 15       12210       12716       12221         494
 11       12104       12722       12115         478
  8       12256       12755       12267         487
  9       12669       12756       12680          75
 1       12534       12779       12548         118
 3       12579       12782       12590         191
 5       12701       12797       12712          84
 2       12440       12802       12451         350
 10       12324       12813       12335         477
 3       12783       12891       12794          96
 6       12617       12917       12628         288
  8       12756       12919       12767         151
 12       12503       12919       12514         404
 7       12529       12922       12540         197
 10       12814       12935       12838          48
  9       12757       13008       12768         239
 13       12652       13058       12663         394
  8       12920       13074       12931         142
 0       12276       13079       12288         390
 2       12803       13094       12814         223
 14       12446       13107       12467         431
 3       12892       13108       12903         204
  9       13009       13118       13020          97
 10       12936       13145       12947         117
 15       12717       13184       12728         455
 6       12918       13189       12929         259
 5       12798       13191       12809         381
 14       13108       13214       13131          42
 11       12723       13215       12734         432
 12       12920       13273       12931         293
  9       13119       13280       13130         149
 4       12594       13302       12616         445
 15       13185       13329       13196         132
 0       13080       13334       13091         242
 2       13095       13374       13108          89
 5       13192       13385       13203         181
 7       12923       13403       12948         182
 3       13109       13427       13126         252
 10       13146       13467       13157         221
 1       12780       13550       12796         409
 14       13215       13550       13226         323
 7       13404       13573       13415         157
 6       13190       13592       13201         390
 0       13335       13615       13346         268
 0       13616       13728       13627         100
 11       13216       13730       13227         502
 4       13303       13758       13314         443
 10       13468       13764       13479         284
 5       13386       13770       13397         372
 12       13274       13786       13293         404
 1       13551       13787       13562         224
 6       13593       13843       13604         238
 2       13375       13844       13386         457
 3       13428       13891       13439         451
 14       13551       13934       13562         291
 7       13574       13998       13585         412
 2       13845       14001       13856         144
 1       13788       14019       13799         219
 10       13765       14074       13778         215
 12       13787       14075       13798         276
 1       14020       14095       14031          63
 11       13731       14152       13742         409
 7       13999       14156       14010         145
 5       13771       14199       13782         416
 6       13844       14257       13855         401
 3       13892       14300       13903         396
 6       14258       14313       14269          43
 0       13729       14321       13740         308
 12       14076       14381       14087         293
 13       13059       14383       13070         392
 6       14314       14395       14325          69
 4       13759       14396       13780         311
 0       14322       14457       14340          92
 12       14382       14496       14393         102
 2       14002       14523       14013         509
 5       14200       14529       14211         317
  8       13075       14598       13086         455
 5       14530       14607       14541          65
 15       13330       14607       13366         328
  9       13281       14657       13302         394
 1       14096       14659       14107         311
 14       13935       14698       13946         447
 0       14458       14705       14469         235
 7       14157       14716       14179         296
 4       14397       14820       14408         411
 12       14497       14827       14508         318
 10       14075       14832       14090         437
 13       14384       14833       14395         437
 2       14524       14849       14535         201
 6       14396       14913       14407         505
 3       14301       14915       14316         302
 7       14717       14920       14728         191
 0       14706       14922       14717         204
 1       14660       14935       14671         263
 11       14153       14939       14164         470
 5       14608       14987       14619         367
 15       14608       14989       14631         245
 10       14833       14996       14844         151
  9       14658       15030       14669         200
 15       14990       15061       15001          59
 5       14988       15068       14999          68
 2       14850       15075       14861         149
 0       14923       15082       14934         147
 14       14699       15096       14717         218
  8       14599       15101       14610         490
 14       15097       15151       15108          42
 0       15083       15180       15094          85
 5       15069       15233       15088          48
 13       14834       15339       14845         493
 3       14916       15340       14927         412
 2       15076       15350       15087         262
 1       14936       15354       14949         340
 10       14997       15356       15008         347
 12       14828       15359       14848         230
 6       14914       15362       14925         436
 7       14921       15383       14932         282
 13       15340       15391       15351          39
  9       15031       15411       15052         190
 0       15181       15521       15192         328
 15       15062       15521       15073         447
 7       15384       15522       15395         126
 1       15355       15524       15366         157
 6       15363       15590       15374         215
 4       14821       15614       14832         493
 12       15360       15621       15371         249
  9       15412       15642       15423         162
 14       15152       15642       15163         478
 15       15522       15669       15533         135
 5       15234       15672       15245         266
  9       15643       15704       15654          49
 4       15615       15721       15626          94
 7       15523       15755       15535         163
 12       15622       15777       15633         143
 2       15351       15819       15362         456
  9       15705       15832       15716         115
  8       15102       15852       15119         308
 3       15341       15862       15357         344
 15       15670       15863       15681         181
 11       14940       15931       14951         499
 0       15522       15949       15536         140
 14       15643       15959       15654         304
 2       15820       15970       15831         138
 6       15591       15989       15602         386
  8       15853       15998       15864         133
 0       15950       16053       15961          91
 5       15673       16064       15684         379
  8       15999       16083       16010          72
 7       15756       16127       15767         335
  9       15833       16149       15844         304
 3       15863       16203       15874         328
 4       15722       16205       15733         471
 12       15778       16214       15799         182
 11       15932       16224       15943         280
 5       16065       16267       16079         115
 15       15864       16272       15875         396
 14       15960       16283       15971         311
  9       16150       16309       16175          85
 10       15357       16342       15368         437
 2       15971       16389       15982         406
 13       15392       16451       15416         498
 1       15525       16457       15543         505
 15       16273       16467       16284         182
 6       15990       16470       16001         468
 11       16225       16534       16236         297
  8       16084       16541       16095         445
 4       16206       16567       16217         229
 0       16054       16568       16065         502
 3       16204       16636       16215         420
 4       16568       16636       16579          56
 12       16215       16675       16235         223
 0       16569       16688       16586          53
 5       16268       16721       16279         441
  8       16542       16727       16553         173
 7       16128       16729       16139         349
 5       16722       16791       16733          57
 4       16637       16830       16648         141
 10       16343       16855       16354         500
 6       16471       16858       16482         375
 2       16390       16876       16401         474
 1       16458       16883       16469         413
  9       16310       16887       16329         413
 14       16284       16914       16295         402
 13       16452       16934       16463         446
 15       16468       16957       16487         253
 3       16637       16962       16648         313
 2       16877       17021       16895          77
 3       16963       17043       16974          68
 6       16859       17058       16870         187
 11       16535       17084       16546         481
 5       16792       17090       16803         286
 4       16831       17132       16849         154
 10       16856       17135       16876         130
 1       16884       17144       16899         124
 12       16676       17161       16699         445
 11       17085       17191       17105          45
 14       16915       17194       16926         267
 0       16689       17215       16700         378
  8       16728       17228       16739         360
 11       17192       17247       17203          43
 10       17136       17259       17147         111
 3       17044       17301       17055         245
 7       16730       17304       16752         439
  9       16888       17324       16913         298
 1       17145       17340       17160         107
 3       17302       17345       17313          31
 2       17022       17359       17033         277
  8       17229       17388       17241          74
  9       17325       17388       17336          51
 3       17346       17397       17357          39
 12       17162       17400       17173         226
 13       16935       17436       16959         444
 10       17260       17439       17271         167
  9       17389       17446       17400          45
 4       17133       17451       17144         306
 15       16958       17455       16969         405
 7       17305       17465       17316         148
 6       17059       17539       17070         468
 5       17091       17565       17102         462
 0       17216       17580       17227         352
 2       17360       17599       17371         227
 7       17466       17609       17477         131
 6       17540       17625       17551          73
 4       17452       17662       17463         198
 15       17456       17737       17467         269
 2       17600       17745       17611         133
 11       17248       17747       17262         244
 12       17401       17751       17412         338
 1       17341       17791       17352         438
 6       17626       17799       17637         161
 13       17437       17805       17448         356
 3       17398       17811       17409         401
 10       17440       17869       17451         417
 7       17610       17905       17621         283
  8       17389       17908       17400         507
 0       17581       17931       17593         169
  9       17447       17934       17458         475
 14       17195       17957       17206         502
 4       17663       17988       17674         201
 3       17812       17998       17823         174
 10       17870       18001       17881         119
 11       17748       18074       17759         314
 13       17806       18088       17817         270
 10       18002       18092       18013          78
 6       17800       18116       17811         296
 3       17999       18218       18010         207
 12       17752       18220       17770         337
 15       17738       18221       17749         471
 5       17566       18225       17577         471
  9       17935       18274       17946         327
 7       17906       18305       17917         387
  8       17909       18316       17920         395
 4       17989       18390       18000         389
 11       18075       18401       18086         314
  8       18317       18406       18328          77
 7       18306       18422       18317         104
  9       18275       18422       18286         135
 6       18117       18462       18128         333
 14       17958       18486       17969         324
 4       18391       18541       18402         138
 15       18222       18612       18233         378
 13       18089       18613       18107         441
 10       18093       18663       18105         365
 7       18423       18707       18434         272
 12       18221       18708       18232         475
 3       18219       18724       18230         253
 11       18402       18773       18413         359
 10       18664       18789       18675         113
 12       18709       18804       18720          83
 4       18542       18807       18553         253
 5       18226       18808       18246         321
  8       18407       18813       18418         394
 15       18613       18821       18624         196
 6       18463       18852       18474         377
 7       18708       18852       18719         132
 13       18614       18871       18625         245
 4       18808       18894       18824          37
 3       18725       18933       18736         196
 15       18822       18983       18833         149
 14       18487       19055       18507         491
 13       18872       19070       18883         186
 7       18853       19188       18864         323
 10       18790       19195       18801         393
  8       18814       19203       18825         377
 4       18895       19244       18906         337
 10       19196       19244       19207          36
 14       19056       19248       19067         180
 15       18984       19268       18995         272
 12       18805       19309       18816         452
 10       19245       19313       19256          56
 6       18853       19326       18864         461
 5       18809       19330       18820         509
 7       19189       19369       19200         152
  8       19204       19387       19215         171
 14       19249       19401       19260         100
 13       19071       19594       19082         511
 15       19269       19650       19280         369
 14       19402       19697       19413         283
 4       19245       19736       19256         479
 12       19310       19762       19321         440
 5       19331       19766       19342         423
 6       19327       19845       19344         484
 7       19370       19873       19381         483
 4       19737       19914       19748         165
 10       19314       20001       19332         444
 6       19846       20006       19861         136
 4       19915       20056       19926         129
 15       19651       20089       19662         426
 13       19595       20124       19620         311
 14       19698       20173       19709         431
 5       19767       20176       19778         397
 7       19874       20188       19885         302
 12       19763       20216       19774         441
 13       20125       20258       20136         121
 15       20090       20267       20109         125
 6       20007       20276       20018         257
 13       20259       20337       20270          66
 10       20002       20359       20013         345
 5       20177       20405       20188         216
 14       20174       20471       20185         285
 13       20338       20487       20349         137
 10       20360       20703       20371         331
 6       20277       20738       20288         449
 5       20406       20794       20417         376
 6       20739       20827       20750          76
 7       20189       20829       20200         332
 14       20472       20843       20483         359
 12       20217       20864       20240         327
 13       20488       20955       20499         455
 7       20830       20982       20841         140
 5       20795       21052       20806         245
 13       20956       21120       20967         152
 14       20844       21175       20855         319
 7       20983       21199       20994         204
 10       20704       21220       20715         504
 6       20828       21249       20839         409
 5       21053       21395       21064         330
 5       21396       21519       21407         111
 6       21250       21526       21261         264
 14       21176       21550       21187         362
 7       21200       21573       21211         361
 13       21121       21584       21132         451
 10       21221       21585       21232         352
 13       21585       21644       21596          47
 14       21551       21662       21562          99
 6       21527       21831       21538         292
 7       21574       21855       21585         269
 5       21520       21872       21531         340
 13       21645       21886       21656         229
 10       21586       21938       21597         340
 14       21663       22123       21674         448
 7       21856       22262       21867         394
 10       21939       22414       21950         463
 14       22124       22451       22135         315
 14       22452       22508       22463          44
 10       22415       22529       22426         102
 7       22263       22613       22274         338
 14       22509       22711       22520         190
 14       22712       22878       22723         154
 14       22879       23111       22890         220
 14       23112       23342       23123         218
