 14         420          40        1472
 1         448          40        1584
 13         564          40        2048
  8         620          40        2016
 0         740          40        2752
 5        1108          40        2944
 6        1288          40        4944
 13         732          40        2720
 2        1476          40        2880
  9        1632          40        6320
 3        1716          40        3328
 15        1832          72        3536
 12        1920          40        7472
 1        1500          40        4512
 10        1968          40        7664
 5         964          52        1808
 4        2080          72        4656
 7        2164          40        8064
  8        1580          40        4448
 14        1940          68        7184
  8         184          40         528
  9         928          40        3504
 2        1200          68        3968
 0        1996          40        7776
 6        1652          40        6400
 11        3004          40        8096
 12        1112          72        3728
 4        1340          40        5152
 15        1644          96        6144
 6         556          40        2016
 7        1396          40        5376
  8        1220          40        4672
 3        1952          40        7600
 13        2496          68        5952
  9        1508          40        5824
 4         680          40        2512
 5        2292          48        7136
 0        1780          68        4880
 12        1532          40        5920
  9         516          40        1856
 15        1116          40        4256
 10        2808          84        5472
 6        1292          40        4960
 1        3016          40        6352
 14        2632          40        7632
 11        2012          40        7840
 15         436          40        1536
 2        2540          40        7904
 3        1592          40        6160
 5         920          40        3472
  8        1788          44        3600
 0         884          40        3328
 7        1964          40        7648
 15         532          40        1920
 2         440          40        1552
 3         396          40        1376
  9        1188          40        4544
 12        1256          40        4816
 10        1060          40        4032
 4        1748          88        4544
 13        2056          40        7760
 13         356          40        1216
 5         988          40        3744
 12         548          40        1984
 14        1396          96        4512
 3         744          40        2768
 6        1744          40        2800
  8        1160          40        4432
 1        1672          56        2192
 3         436          40        1536
 0        1468          40        5664
 4        1084          96        1984
 5         716          52        1328
 6         488          40        1744
 7        1656          40        4624
 10        1396          40        3968
 4         348          68         560
  9        1720          40        6672
 15        2028          40        7904
 11        2620          68        4912
 10         416          40        1456
 5         808          40        3024
 12        1504          40        5808
  9         452          40        1600
 1        1348          40        5184
 10         624          40        2288
 6        1284          48        3744
 2        2676          64        7456
 1         476          40        1696
 0        1696          40        6576
 13        2528          96        7632
 3        2000          40        5872
 2         512          40        1840
 10         600          40        2192
 1         476          40        1696
  9        1004          40        3808
 11        1364          40        5248
  8        2508          68        4976
 3         604          40        2208
 15        1872          40        7280
 14        3312          40        6896
 4        2440          68        4832
 12        1896          40        7376
 7        2728          40        5840
 14         220          40         672
  9        1008          40        3824
 6        1676          40        6496
 5        2188          72        6496
 0        1676          40        6240
 0          56          40           x
 2        1452          40        5600
 0           4      -36560           x
 1        1500          40        5792
 13        1820          40        7072
 12         832          40        3120
 2         408          40        1424
 7         840          40        3152
  9         852          68        1552
 15        1364          40        5248
 10        1960          40        7632
 4        1228          40        4704
 11        1964          40        7648
 1         684          40        1888
 6        1204          40        4608
 3        1756          40        5152
  8        2196          56        7360
 14        1344          40        5168
 10         480          84         768
  9         648          40        2384
 5        1500          40        5792
 7        1004          40        2912
 10         520          40        1872
 15        1032          40        3920
 3         816          40        3056
 15         288          40         944
 13        1628          40        6304
 5         712          40        2640
 12        1668          40        6464
 6        1088          40        4144
 7         680          40        2512
 14        1216          40        4656
 5         388          40        1344
 10         936          40        3536
 4        1832          40        7120
 11        2228          40        6912
  8        2056          40        8016
  9        1884          40        6304
 14         924          40        3488
 3        1412          40        3264
 14         220          40         672
 10        1188          40        4544
 15        1840          40        7152
  9         700          40        2592
 12        1800          72        4688
 7        1700          40        6592
 5        1576          40        6096
 13        2024          40        7888
  9         248          40         784
 0        4024           0           x
 0           4      -40588           x
 6        2064          44        6240
 3        1060          40        4032
  9         232          40         720
 13         372          76         624
 2        3916          92        7312
 1        3564          60        6544
 7         632          40        2320
 10         912          40        3440
 5         776          40        2896
 15        1232          76        2912
 4        2580          60        7088
  8        2160          40        7792
 14        1964          40        7648
 12        1668          40        6464
 11        2572          40        8032
 6        1516          72        3808
 7        1236          40        4736
 2        1448          60        2304
  8         620          40        2272
 1        1740          52        3504
 5        1540          40        5952
 1         320          56        1008
 7         816          40        3056
 12        1156          40        4416
 2         856          40        3216
  9        2668          68        5232
 14        1620          40        4864
 1         548          40        1984
 15        2092          76        4048
 7         556          40        2016
 6        1656          40        6416
 3        3168          40        7216
 11        2028          92        6544
 6         328          40        1104
  8        1872          40        7280
 10        3112          40        6992
 12        1224          40        4688
 0        4060           0           x
 0           4      -44652           x
 14        1296          40        4976
 5        2076          48        6656
 4        3328          56        4976
 2        1820          60        2384
 7        1392          40        5360
 15        1472          96        4304
 3        1732          40        6720
 10        1440          40        5552
 13        4860          40        7968
 12        1324          40        5088
 6        1796          40        6976
 11        1964          40        7520
 5        1320          40        5072
  8        2012          40        7840
 14        1660          40        6432
 5         312          40        1040
 2        1452          40        4192
 12         972          40        3680
 7        1808          40        7024
 6         960          56        3440
 15        1936          40        7536
 4        2064          56        6576
 12         624          40        2288
 3        1752          40        5008
 7         644          40        2368
 13        1836          40        7136
 14        1120          40        4272
 11        2048          40        7984
 15        1268          84        2384
 10        2788          68        6992
  8        2280          40        7120
 7        1120          72        2096
 12        1420          40        2912
 5        2288          72        5872
 0        4124           0           x
 0           4      -48780           x
 2        2440          40        4432
 5         324          40        1088
 3        1668          68        3920
 5         244          40         768
 3         268          68         496
 15        1140          40        4352
  8         872          40        2768
 13        1972          88        5696
 14        2060          40        8032
 11        1572          84        4752
 12         944          40        3568
  8         348          40        1184
 3         748          40        2784
 11        1028          40        3904
 6        3824          92        6176
 3         880          40        3312
 15        1756          40        6816
 4        4156          60        7888
 10        2884          40        8000
 6         800          40        2992
 12        1832          40        7120
 4         428          40        1504
 6         344          40        1168
 14        2228          88        5184
 5        2624          40        6064
 10         572          40        2080
 3        1064          40        4048
 10         496          40        1776
 5         512          40        1840
 12         956          40        3616
 4         968          40        3664
 13        3296          92        4320
 4         276          40         896
 7        4256          72        6192
 3         836          40        3136
 6        1428          40        4736
  8        3628          84        8112
 10         976          40        2672
  8         360          40        1232
 14        2016          40        7856
 10         528          40        1904
 4        1248          44        2464
 13        1324          76        3920
 14         452          40        1600
 12        2364          40        5408
 5        2384          40        7536
 13         796          40        2976
 7        2316          52        5168
 4        1276          40        4896
 14        1184          40        4528
 10        1624          40        6288
 6        2324          84        7376
 10         540          80         896
 4         844          40        3168
 13        1296          40        4976
 5        1592          40        5136
 13         536          40        1936
 12        1952          40        7600
 13         316          40        1056
 7        1984          40        7728
 14        1776          40        6896
 6        1988          40        7744
 4        1400          40        5392
 13         600          40        2192
 6         356          40        1216
 7         868          40        3264
 5        1640          40        6352
 10        2068          40        8064
 12        1860          40        7232
 5         916          40        3456
 6        1108          40        4224
 14        1844          40        7168
 14         228          40         704
 7        1496          40        5776
 13        1872          40        7280
 4        1968          40        7664
 13         240          40         752
 14         668          40        2464
 4         568          40        2064
 12        1812          40        7040
 5        1556          40        6016
 7        1128          40        4304
 14         924          40        3488
 5        1032          40        3920
