11   0   0   0   0   0   4   0   0   0   5   0   0   0   9   0   0   0   0   0   0   0   0   1   0   0   1   0   0   0   0   0   0 
12   1   1   2   1   0   0   0   0   0   0   0   4   1   0   0   0   0   0   0   0   0   0   2   2   0   7   0   0   0   0   1   1 
13   0   0   0   0   0   3   0   0   0   0   0  13   0   1   1   0   0   0   2   0   0   0   0   0   0   0   0   0   4   2   0   0 
14  59  66  52  60  11   3  53  54   4  26   3   8  13  25  44  34  53  38  23  18  61  16  58  42  63  24  53  54  27  50  45  56 
15   0   0   0   1  13   0   0   3   1   0   1   0   0   0   0   0   0   0   0   1   0   2   0   0   0   0   0   0   0   0   0   0 
 0   0   0   0   0   0   0   0   0  12   0   0   0   2   0   3   0   0   0   0   0   1   0   0   2   0   0   0   0   5   0   0   0 
 1   0   0   0   0   0   0   0   0   0   0   0   1   1   0   0   1   0   2   4   1   0   9   0   0   0   0   4   0   0   0   0   0 
 2   0   0   0   0   0   0   0   0   0   0   9   0   0   0   0   0   2   3   0   0   0   0   0   0   0   0   0   0   1   0   0   0 
 3   0   0   0   0   0   0   1   0   5   0   1   0   0  13   4   0   0   0   0   1   1   0   0   0   0   0   0   0   0   0   0   0 
 4   0   0   0   0   1   0   0   0   1   0   0   0   0   0   1   1   5   1  10   0   0   2   0   1   0   0   0   0   0   0   2   0 
 5   0   0   1   1   0   0   1   1   2   0   0   0   0   0   2   9   0   0   0   0   1   4   0   1   1   0   0   0   0   0   0   0 
 6   0   0   0   0   0   0   0   0   0   0  11   0   0   0   0   1   0   0   0   0   0   0   2   3   0   2   0   0   0   0   3   0 
 7   0   0   0   0   1  20   0   0   0   0   0   0   0   0   1   0   0   2   0   0   1   1   0   0   1   0   0   4   0   0   0   0 
 8   1   0   0   0   0   0   0   0   0   1   1   0   0   1   1   1   0   2   0  10   0   0   0   6   1   0   1   0   0   2   0   0 
 9   0   0   2   0   0   0   0   0   0   0   0   0   0   0   0   1   1   0   0   0   0   1   0   5   0   3   0   0  13   1   3   0 
10   0   0   0   0   0   0   0   0   0   0   6   3  12   0   0   0   0   0   0   0   0   0   0   0   0   0   0   0   1   0   0   0 